timestamp_acc,x_acc,y_acc,z_acc,timestamp_gyro,x_gyro,y_gyro,z_gyro,gt
2022-07-11 12:14:06.554000+00:00,-0.07140052066441605,-0.03595188582823228,-0.0985188439382807,2022-07-11 12:14:06.554000+00:00,0.000721876399378818,-0.00030625057588840043,0.002222504151860649,SEATED
2022-07-11 12:14:06.565000+00:00,-0.07127852337082075,-0.0360433868374207,-0.09864084123187611,2022-07-11 12:14:06.564000+00:00,0.0008618766672161549,-0.000236250441969732,0.002222504151860649,SEATED
2022-07-11 12:14:06.575000+00:00,-0.07109552135244379,-0.03619588649340688,-0.09891534122044943,2022-07-11 12:14:06.574000+00:00,0.0009668768814345974,-0.00016625032139183649,0.002257504418929468,SEATED
2022-07-11 12:14:06.584000+00:00,-0.07115651999924144,-0.036287384463603356,-0.09922034053242168,2022-07-11 12:14:06.583000+00:00,0.0008968766674721795,-0.0002012503883511707,0.0023275045261668126,SEATED
2022-07-11 12:14:06.594000+00:00,-0.07124801796943792,-0.0364703864819802,-0.09931184458060205,2022-07-11 12:14:06.593000+00:00,0.0008268765602348349,-0.00030625057588840043,0.002397504633404157,SEATED
2022-07-11 12:14:06.602000+00:00,-0.07100402338224732,-0.03659238681456756,-0.09934234390400087,2022-07-11 12:14:06.602000+00:00,0.000721876399378818,-0.00044625084372551527,0.002467504740641502,SEATED
2022-07-11 12:14:06.613000+00:00,-0.0709735179808646,-0.03637888547279178,-0.09946434119759628,2022-07-11 12:14:06.613000+00:00,0.0005118759709419329,-0.0004812508973441876,0.002467504740641502,SEATED
2022-07-11 12:14:06.622000+00:00,-0.07079052204047165,-0.03634838614939295,-0.09940334255079852,2022-07-11 12:14:06.622000+00:00,0.00037187570310459606,-0.000411250790106954,0.002397504633404157,SEATED
2022-07-11 12:14:06.633000+00:00,-0.0706075200220947,-0.036226385816805706,-0.09931184458060205,2022-07-11 12:14:06.633000+00:00,0.00023187543526748122,-0.000236250441969732,0.0022925044725481403,SEATED
2022-07-11 12:14:06.643000+00:00,-0.07036351935692009,-0.03601288447502993,-0.09922034053242168,2022-07-11 12:14:06.642000+00:00,0.0001618753146894747,-9.625018747327907e-05,0.002222504151860649,SEATED
2022-07-11 12:14:06.652000+00:00,-0.07042451800371774,-0.03619588649340688,-0.09906784391542756,2022-07-11 12:14:06.651000+00:00,5.68751071412521e-05,-9.625018747327907e-05,0.002187504098241977,SEATED
2022-07-11 12:14:06.662000+00:00,-0.07030252071012244,-0.0357383844864565,-0.09909834323882638,2022-07-11 12:14:06.662000+00:00,5.68751071412521e-05,-0.00016625032139183649,0.00208250393738596,SEATED
2022-07-11 12:14:06.671000+00:00,-0.07051602205189822,-0.035799386172246206,-0.09946434119759628,2022-07-11 12:14:06.671000+00:00,5.68751071412521e-05,-0.0002012503883511707,0.001977503776529943,SEATED
2022-07-11 12:14:06.690000+00:00,-0.07039401868031891,-0.0359823851516311,-0.09931184458060205,2022-07-11 12:14:06.690000+00:00,5.68751071412521e-05,-0.000236250441969732,0.0019075036692925984,SEATED
2022-07-11 12:14:06.691000+00:00,-0.07042451800371774,-0.03595188582823228,-0.09928133917921933,2022-07-11 12:14:06.692000+00:00,-1.3125025109750332e-05,-0.00030625057588840043,0.0019075036692925984,SEATED
2022-07-11 12:14:06.751000+00:00,-0.07054652137529704,-0.036134884807617174,-0.0992508398558205,2022-07-11 12:14:06.750000+00:00,-0.00015312528794420022,-0.00034125065618828554,0.0019075036692925984,SEATED
2022-07-11 12:14:06.751000+00:00,-0.07036351935692009,-0.0360433868374207,-0.09906784391542756,2022-07-11 12:14:06.751000+00:00,-0.00018812535490353444,-0.00034125065618828554,0.001872503615673926,SEATED
2022-07-11 12:14:06.752000+00:00,-0.07079052204047165,-0.0360433868374207,-0.09906784391542756,2022-07-11 12:14:06.751000+00:00,-0.00018812535490353444,-0.00037625070980695785,0.001872503615673926,SEATED
2022-07-11 12:14:06.752000+00:00,-0.07069901799229117,-0.03610438548421835,-0.09894584054384825,2022-07-11 12:14:06.752000+00:00,-0.00015312528794420022,-0.000411250790106954,0.001872503615673926,SEATED
2022-07-11 12:14:06.752000+00:00,-0.07079052204047165,-0.036134884807617174,-0.09906784391542756,2022-07-11 12:14:06.753000+00:00,-0.000118125220984866,-0.0004812508973441876,0.0018375035620552538,SEATED
2022-07-11 12:14:06.760000+00:00,-0.07066851866889234,-0.03610438548421835,-0.09906784391542756,2022-07-11 12:14:06.753000+00:00,-0.000118125220984866,-0.0005162510043253965,0.0018375035620552538,SEATED
2022-07-11 12:14:06.760000+00:00,-0.07069901799229117,-0.036134884807617174,-0.09891534122044943,2022-07-11 12:14:06.760000+00:00,-4.8125093736639535e-05,-0.0005862511115627411,0.0018375035620552538,SEATED
2022-07-11 12:14:06.799000+00:00,-0.0708515206872693,-0.03619588649340688,-0.09876283852547141,2022-07-11 12:14:06.799000+00:00,2.1875041849472865e-05,-0.0005512510579440688,0.0018375035620552538,SEATED
2022-07-11 12:14:06.799000+00:00,-0.07063801934549352,-0.0359823851516311,-0.0988848418970506,2022-07-11 12:14:06.799000+00:00,9.187517410058632e-05,-0.0005162510043253965,0.0018025035084365815,SEATED
2022-07-11 12:14:06.800000+00:00,-0.07063801934549352,-0.0360433868374207,-0.0991288425622252,2022-07-11 12:14:06.799000+00:00,9.187517410058632e-05,-0.00044625084372551527,0.0018025035084365815,SEATED
2022-07-11 12:14:06.800000+00:00,-0.07069901799229117,-0.03589088414244268,-0.0990068391906459,2022-07-11 12:14:06.800000+00:00,5.68751071412521e-05,-0.0004812508973441876,0.0018375035620552538,SEATED
2022-07-11 12:14:06.808000+00:00,-0.0708515206872693,-0.03610438548421835,-0.09906784391542756,2022-07-11 12:14:06.808000+00:00,-1.3125025109750332e-05,-0.0005162510043253965,0.0018025035084365815,SEATED
2022-07-11 12:14:06.818000+00:00,-0.07103452270564614,-0.03601288447502993,-0.0990068391906459,2022-07-11 12:14:06.819000+00:00,-8.312516069586273e-05,-0.0005162510043253965,0.0018375035620552538,SEATED
2022-07-11 12:14:06.827000+00:00,-0.07082102136387047,-0.0360433868374207,-0.0988848418970506,2022-07-11 12:14:06.826000+00:00,-0.000118125220984866,-0.0005162510043253965,0.001872503615673926,SEATED
2022-07-11 12:14:06.839000+00:00,-0.07088202001066812,-0.0359823851516311,-0.09867134055527493,2022-07-11 12:14:06.838000+00:00,-0.000118125220984866,-0.00044625084372551527,0.0018375035620552538,SEATED
2022-07-11 12:14:06.847000+00:00,-0.07115651999924144,-0.03592138650483345,-0.09882384325025295,2022-07-11 12:14:06.847000+00:00,-4.8125093736639535e-05,-0.00044625084372551527,0.0019075036692925984,SEATED
2022-07-11 12:14:06.857000+00:00,-0.07137002134101722,-0.036073886160819524,-0.0988848418970506,2022-07-11 12:14:06.858000+00:00,-8.312516069586273e-05,-0.0004812508973441876,0.0019075036692925984,SEATED
2022-07-11 12:14:06.868000+00:00,-0.07127852337082075,-0.0359823851516311,-0.09885434257365178,2022-07-11 12:14:06.867000+00:00,-8.312516069586273e-05,-0.0004812508973441876,0.0019075036692925984,SEATED
2022-07-11 12:14:06.878000+00:00,-0.07140052066441605,-0.03561638415386925,-0.09876283852547141,2022-07-11 12:14:06.877000+00:00,-4.8125093736639535e-05,-0.0005162510043253965,0.0019425037229112707,SEATED
2022-07-11 12:14:06.887000+00:00,-0.07137002134101722,-0.0357383844864565,-0.09864084123187611,2022-07-11 12:14:06.886000+00:00,-1.3125025109750332e-05,-0.0005162510043253965,0.0019425037229112707,SEATED
2022-07-11 12:14:06.898000+00:00,-0.07112602067584262,-0.03558588483047043,-0.09857984258507846,2022-07-11 12:14:06.897000+00:00,5.68751071412521e-05,-0.0005512510579440688,0.0019425037229112707,SEATED
2022-07-11 12:14:06.906000+00:00,-0.07091251933406695,-0.03549438686027395,-0.09857984258507846,2022-07-11 12:14:06.906000+00:00,0.00012687524773014047,-0.0005512510579440688,0.0019425037229112707,SEATED
2022-07-11 12:14:06.917000+00:00,-0.0713395220176184,-0.03589088414244268,-0.09864084123187611,2022-07-11 12:14:06.915000+00:00,0.0001968753816488089,-0.0005862511115627411,0.0019425037229112707,SEATED
2022-07-11 12:14:06.927000+00:00,-0.07115651999924144,-0.035860384819043856,-0.09854934326167952,2022-07-11 12:14:06.926000+00:00,0.00033687564948592374,-0.0005862511115627411,0.0020125038301486153,SEATED
2022-07-11 12:14:06.936000+00:00,-0.07100402338224732,-0.0359823851516311,-0.09870183987867376,2022-07-11 12:14:06.934000+00:00,0.0004768759173232606,-0.0005162510043253965,0.0020125038301486153,SEATED
2022-07-11 12:14:06.945000+00:00,-0.07112602067584262,-0.036073886160819524,-0.09857984258507846,2022-07-11 12:14:06.944000+00:00,0.0005818761315417031,-0.0004812508973441876,0.0020125038301486153,SEATED
2022-07-11 12:14:06.956000+00:00,-0.07106502202904497,-0.036287384463603356,-0.09842733989010033,2022-07-11 12:14:06.954000+00:00,0.0006868762923977201,-0.0004812508973441876,0.0020475038837672876,SEATED
2022-07-11 12:14:06.965000+00:00,-0.07137002134101722,-0.036134884807617174,-0.09818333922492573,2022-07-11 12:14:06.966000+00:00,0.0008618766672161549,-0.0005162510043253965,0.0020475038837672876,SEATED
2022-07-11 12:14:06.975000+00:00,-0.0704855227284994,-0.03637888547279178,-0.09848833853689798,2022-07-11 12:14:06.974000+00:00,0.0010718770422906143,-0.0006212511651814134,0.0021175039910046323,SEATED
2022-07-11 12:14:06.985000+00:00,-0.07045502340510057,-0.036500885805379024,-0.09918984120902286,2022-07-11 12:14:06.984000+00:00,0.0011068770959092866,-0.0005162510043253965,0.0020125038301486153,SEATED
2022-07-11 12:14:06.994000+00:00,-0.0708515206872693,-0.036561884452176674,-0.09918984120902286,2022-07-11 12:14:06.994000+00:00,0.0009318768278159251,-0.00044625084372551527,0.001977503776529943,SEATED
2022-07-11 12:14:07.003000+00:00,-0.07079052204047165,-0.03634838614939295,-0.09915934188562403,2022-07-11 12:14:07.002000+00:00,0.0008618766672161549,-0.00044625084372551527,0.0020125038301486153,SEATED
2022-07-11 12:14:07.014000+00:00,-0.07082102136387047,-0.03631788682599413,-0.09946434119759628,2022-07-11 12:14:07.013000+00:00,0.0008618766672161549,-0.00030625057588840043,0.0020125038301486153,SEATED
2022-07-11 12:14:07.024000+00:00,-0.07045502340510057,-0.03631788682599413,-0.09946434119759628,2022-07-11 12:14:07.023000+00:00,0.0007918765066161626,-0.0002012503883511707,0.001977503776529943,SEATED
2022-07-11 12:14:07.034000+00:00,-0.07054652137529704,-0.036165384131016,-0.09915934188562403,2022-07-11 12:14:07.033000+00:00,0.0007918765066161626,-0.0002012503883511707,0.0019425037229112707,SEATED
2022-07-11 12:14:07.043000+00:00,-0.07033302003352127,-0.036165384131016,-0.09918984120902286,2022-07-11 12:14:07.043000+00:00,0.0008618766672161549,-0.0002012503883511707,0.001977503776529943,SEATED
2022-07-11 12:14:07.053000+00:00,-0.07045502340510057,-0.03653138512877785,-0.09934234390400087,2022-07-11 12:14:07.052000+00:00,0.0008618766672161549,-0.0002012503883511707,0.0020125038301486153,SEATED
2022-07-11 12:14:07.063000+00:00,-0.07088202001066812,-0.03659238681456756,-0.09934234390400087,2022-07-11 12:14:07.062000+00:00,0.0007918765066161626,-0.0002712505222697281,0.00208250393738596,SEATED
2022-07-11 12:14:07.073000+00:00,-0.0709735179808646,-0.03680588511735128,-0.09928133917921933,2022-07-11 12:14:07.072000+00:00,0.0006868762923977201,-0.00037625070980695785,0.00208250393738596,SEATED
2022-07-11 12:14:07.083000+00:00,-0.07103452270564614,-0.0368363844407501,-0.0990068391906459,2022-07-11 12:14:07.082000+00:00,0.0005468760245603832,-0.0006212511651814134,0.0021525040446233046,SEATED
2022-07-11 12:14:07.092000+00:00,-0.07106502202904497,-0.0367143871471548,-0.09885434257365178,2022-07-11 12:14:07.091000+00:00,0.0004068757834045922,-0.000726251379399967,0.002187504098241977,SEATED
2022-07-11 12:14:07.102000+00:00,-0.07100402338224732,-0.03674488647055363,-0.09882384325025295,2022-07-11 12:14:07.101000+00:00,0.00033687564948592374,-0.000726251379399967,0.002187504098241977,SEATED
2022-07-11 12:14:07.111000+00:00,-0.07082102136387047,-0.03665338546136521,-0.09876283852547141,2022-07-11 12:14:07.110000+00:00,0.00023187543526748122,-0.0006212511651814134,0.0021525040446233046,SEATED
2022-07-11 12:14:07.121000+00:00,-0.07072952339367389,-0.03634838614939295,-0.09867134055527493,2022-07-11 12:14:07.120000+00:00,0.0001618753146894747,-0.00044625084372551527,0.0021175039910046323,SEATED
2022-07-11 12:14:07.130000+00:00,-0.07072952339367389,-0.03619588649340688,-0.09885434257365178,2022-07-11 12:14:07.129000+00:00,0.00012687524773014047,-0.000411250790106954,0.0021175039910046323,SEATED
2022-07-11 12:14:07.140000+00:00,-0.07082102136387047,-0.035860384819043856,-0.0988848418970506,2022-07-11 12:14:07.139000+00:00,0.0001618753146894747,-0.000411250790106954,0.0021175039910046323,SEATED
2022-07-11 12:14:07.151000+00:00,-0.07100402338224732,-0.035860384819043856,-0.09882384325025295,2022-07-11 12:14:07.150000+00:00,0.00030187556918614966,-0.0005512510579440688,0.0021175039910046323,SEATED
2022-07-11 12:14:07.161000+00:00,-0.07115651999924144,-0.03576888684884738,-0.0990068391906459,2022-07-11 12:14:07.177000+00:00,0.0004418758370232645,-0.0006912513257812947,0.0021175039910046323,SEATED
2022-07-11 12:14:07.178000+00:00,-0.07118701932264027,-0.0359823851516311,-0.09903734459202873,2022-07-11 12:14:07.179000+00:00,0.0005818761315417031,-0.0007962515399998482,0.0021525040446233046,SEATED
2022-07-11 12:14:07.179000+00:00,-0.07121751864603909,-0.036073886160819524,-0.09918984120902286,2022-07-11 12:14:07.180000+00:00,0.0006168761851603755,-0.0009012517542182907,0.002257504418929468,SEATED
2022-07-11 12:14:07.234000+00:00,-0.07124801796943792,-0.03570788516305767,-0.0991288425622252,2022-07-11 12:14:07.235000+00:00,0.0005118759709419329,-0.0010762520223116523,0.0023275045261668126,SEATED
2022-07-11 12:14:07.236000+00:00,-0.07106502202904497,-0.03576888684884738,-0.09894584054384825,2022-07-11 12:14:07.235000+00:00,0.0005468760245603832,-0.0012862524507486484,0.0024325046870228295,SEATED
2022-07-11 12:14:07.236000+00:00,-0.07103452270564614,-0.035799386172246206,-0.09885434257365178,2022-07-11 12:14:07.236000+00:00,0.0005818761315417031,-0.0013912526116046653,0.0024325046870228295,SEATED
2022-07-11 12:14:07.236000+00:00,-0.07109552135244379,-0.03582988549564503,-0.09857984258507846,2022-07-11 12:14:07.236000+00:00,0.0006518762387790478,-0.0013912526116046653,0.002397504633404157,SEATED
2022-07-11 12:14:07.237000+00:00,-0.07112602067584262,-0.035646886516260023,-0.09845783921349915,2022-07-11 12:14:07.237000+00:00,0.0006868762923977201,-0.001356252557985993,0.0022925044725481403,SEATED
2022-07-11 12:14:07.237000+00:00,-0.07112602067584262,-0.035799386172246206,-0.09842733989010033,2022-07-11 12:14:07.237000+00:00,0.0006868762923977201,-0.0011462522362740701,0.002222504151860649,SEATED
2022-07-11 12:14:07.248000+00:00,-0.07140052066441605,-0.036073886160819524,-0.09845783921349915,2022-07-11 12:14:07.248000+00:00,0.0006868762923977201,-0.00104125196869298,0.0021525040446233046,SEATED
2022-07-11 12:14:07.269000+00:00,-0.0714615193112137,-0.03625688514020453,-0.09870183987867376,2022-07-11 12:14:07.268000+00:00,0.0006868762923977201,-0.0009712518614556354,0.0020125038301486153,SEATED
2022-07-11 12:14:07.269000+00:00,-0.0713395220176184,-0.03665338546136521,-0.0985188439382807,2022-07-11 12:14:07.269000+00:00,0.0006868762923977201,-0.0009712518614556354,0.001977503776529943,SEATED
2022-07-11 12:14:07.275000+00:00,-0.0708515206872693,-0.0367143871471548,-0.09876283852547141,2022-07-11 12:14:07.275000+00:00,0.0006518762387790478,-0.000936251807836963,0.001977503776529943,SEATED
2022-07-11 12:14:07.288000+00:00,-0.07091251933406695,-0.03677538579395245,-0.09870183987867376,2022-07-11 12:14:07.288000+00:00,0.0005818761315417031,-0.0008662516472370818,0.0020125038301486153,SEATED
2022-07-11 12:14:07.298000+00:00,-0.07076002271707271,-0.03680588511735128,-0.09873233920207258,2022-07-11 12:14:07.297000+00:00,0.0004418758370232645,-0.0008312515936184095,0.0021175039910046323,SEATED
2022-07-11 12:14:07.307000+00:00,-0.07054652137529704,-0.03698888713572823,-0.09867134055527493,2022-07-11 12:14:07.306000+00:00,0.0004418758370232645,-0.000726251379399967,0.0021525040446233046,SEATED
2022-07-11 12:14:07.316000+00:00,-0.07045502340510057,-0.036500885805379024,-0.09864084123187611,2022-07-11 12:14:07.315000+00:00,0.0004068757834045922,-0.0006912513257812947,0.002187504098241977,SEATED
2022-07-11 12:14:07.327000+00:00,-0.0706075200220947,-0.0364093847961906,-0.0985188439382807,2022-07-11 12:14:07.326000+00:00,0.0004418758370232645,-0.0006562512721626224,0.002257504418929468,SEATED
2022-07-11 12:14:07.336000+00:00,-0.0704855227284994,-0.03653138512877785,-0.09857984258507846,2022-07-11 12:14:07.335000+00:00,0.0004418758370232645,-0.0005162510043253965,0.002222504151860649,SEATED
2022-07-11 12:14:07.345000+00:00,-0.07066851866889234,-0.03653138512877785,-0.09864084123187611,2022-07-11 12:14:07.346000+00:00,0.0004418758370232645,-0.000411250790106954,0.002222504151860649,SEATED
2022-07-11 12:14:07.354000+00:00,-0.07042451800371774,-0.03653138512877785,-0.09903734459202873,2022-07-11 12:14:07.355000+00:00,0.0004068757834045922,-0.00037625070980695785,0.002187504098241977,SEATED
2022-07-11 12:14:07.365000+00:00,-0.07057702069869587,-0.036500885805379024,-0.09909834323882638,2022-07-11 12:14:07.366000+00:00,0.00033687564948592374,-0.00034125065618828554,0.0021525040446233046,SEATED
2022-07-11 12:14:07.374000+00:00,-0.0708515206872693,-0.036500885805379024,-0.0991288425622252,2022-07-11 12:14:07.375000+00:00,0.00023187543526748122,-0.00034125065618828554,0.0021525040446233046,SEATED
2022-07-11 12:14:07.385000+00:00,-0.07100402338224732,-0.036226385816805706,-0.09915934188562403,2022-07-11 12:14:07.384000+00:00,0.0001618753146894747,-0.00037625070980695785,0.0021525040446233046,SEATED
2022-07-11 12:14:07.395000+00:00,-0.0709735179808646,-0.035860384819043856,-0.0992508398558205,2022-07-11 12:14:07.394000+00:00,-1.3125025109750332e-05,-0.0002712505222697281,0.0020125038301486153,SEATED
2022-07-11 12:14:07.403000+00:00,-0.07109552135244379,-0.03460988520876418,-0.09934234390400087,2022-07-11 12:14:07.403000+00:00,-0.0003631256896999835,0.00018375034820117264,0.0016275031336183687,SEATED
2022-07-11 12:14:07.413000+00:00,-0.07185802267136632,-0.0328370710098157,-0.09952533984439393,2022-07-11 12:14:07.413000+00:00,-0.0013081274575791335,0.001128752209464734,0.0007175013659952434,SEATED
2022-07-11 12:14:07.423000+00:00,-0.0729255233022611,-0.03134257073436142,-0.09928133917921933,2022-07-11 12:14:07.424000+00:00,-0.0028481304571507104,0.0028437553704045992,-0.0008968766674721795,SEATED
2022-07-11 12:14:07.433000+00:00,-0.07396252460975694,-0.030702072787018198,-0.0991288425622252,2022-07-11 12:14:07.434000+00:00,-0.00452813345774683,0.004523758584450865,-0.0028918804708114587,SEATED
2022-07-11 12:14:07.442000+00:00,-0.0754608327421481,-0.03225757170927013,-0.10156884313598691,2022-07-11 12:14:07.442000+00:00,-0.0057181361345819415,0.005118759709418219,-0.004676883845713742,SEATED
2022-07-11 12:14:07.453000+00:00,-0.0765588326964417,-0.033877886252232425,-0.10538515454854436,2022-07-11 12:14:07.452000+00:00,-0.007293139187772191,0.004103757941026798,-0.005691886041005345,SEATED
2022-07-11 12:14:07.462000+00:00,-0.07616233541427297,-0.0348843851973375,-0.10721515042037766,2022-07-11 12:14:07.463000+00:00,-0.00939314325869256,0.0010587519955023161,-0.006076886417360594,SEATED
2022-07-11 12:14:07.473000+00:00,-0.07527401982784232,-0.03467088385556183,-0.10706265380338353,2022-07-11 12:14:07.472000+00:00,-0.01079314540343912,-0.0023362544862088885,-0.006251886898903991,SEATED
2022-07-11 12:14:07.482000+00:00,-0.07448101918552097,-0.0343963838669884,-0.10956365910192678,2022-07-11 12:14:07.482000+00:00,-0.010863145937576646,-0.004051257753873827,-0.005971886469954724,SEATED
2022-07-11 12:14:07.491000+00:00,-0.0751215232108482,-0.03839188640199398,-0.11267846784235946,2022-07-11 12:14:07.491000+00:00,-0.01135314711513824,-0.00531126011104599,-0.005061884648969173,SEATED
2022-07-11 12:14:07.501000+00:00,-0.07423702459833037,-0.044465199408928235,-0.11255647054876416,2022-07-11 12:14:07.502000+00:00,-0.012333148616460843,-0.007761265145053153,-0.002926880524430131,SEATED
2022-07-11 12:14:07.510000+00:00,-0.07262052399028884,-0.05270401604004271,-0.10376483696659,2022-07-11 12:14:07.511000+00:00,-0.012123147867848627,-0.01028126985939748,0.00032812563608120016,STANDING_UP
2022-07-11 12:14:07.521000+00:00,-0.06584570527223776,-0.05841132804921512,-0.0942755298421718,2022-07-11 12:14:07.521000+00:00,-0.008658141492350224,-0.013081275002691184,0.006072511544064518,STANDING_UP
2022-07-11 12:14:07.531000+00:00,-0.05843039468482736,-0.06277664551690332,-0.08960521306251135,2022-07-11 12:14:07.530000+00:00,-0.006033136403699735,-0.008986267235156609,0.010027519524024697,STANDING_UP
2022-07-11 12:14:07.540000+00:00,-0.06139270680826592,-0.06375264209961762,-0.0907375293141165,2022-07-11 12:14:07.541000+00:00,-0.0037931321183047872,-0.004646258878841181,0.013667525954166315,STANDING_UP
2022-07-11 12:14:07.549000+00:00,-0.06453420397616849,-0.05416801395310622,-0.09686802703292763,2022-07-11 12:14:07.550000+00:00,-0.002393129546657935,-0.001356252557985993,0.01769253404136384,STANDING_UP
2022-07-11 12:14:07.560000+00:00,-0.06230770474418257,-0.044312699752942164,-0.10056234115188978,2022-07-11 12:14:07.560000+00:00,-0.002778130349913366,0.001443752798757636,0.020702539079469284,STANDING_UP
2022-07-11 12:14:07.569000+00:00,-0.061880708138615015,-0.03701938645912706,-0.10031834048671517,2022-07-11 12:14:07.569000+00:00,-0.0044581333505094856,0.005118759709418219,0.021787541808898414,STANDING_UP
2022-07-11 12:14:07.579000+00:00,-0.06407670804720211,-0.0318000727413118,-0.09894584054384825,2022-07-11 12:14:07.578000+00:00,-0.006698137635904544,0.010368769886719198,0.021507541379949036,STANDING_UP
2022-07-11 12:14:07.589000+00:00,-0.06688270657973372,-0.030061571800682918,-0.0991288425622252,2022-07-11 12:14:07.589000+00:00,-0.008588141812013061,0.015828779958831696,0.020492540038457907,STANDING_UP
2022-07-11 12:14:07.601000+00:00,-0.06813320922900534,-0.028811072190403353,-0.10162984178278456,2022-07-11 12:14:07.600000+00:00,-0.010373144760015163,0.020693789332877355,0.01884753645113002,STANDING_UP
2022-07-11 12:14:07.608000+00:00,-0.06954001939119991,-0.0275910719035225,-0.10559866196830403,2022-07-11 12:14:07.607000+00:00,-0.012193148401986154,0.024403796297156388,0.016712531686240872,STANDING_UP
2022-07-11 12:14:07.619000+00:00,-0.0777788360223145,-0.0339693842224289,-0.10687965786299058,2022-07-11 12:14:07.618000+00:00,-0.014013152043957144,0.025908798816209222,0.015312529541494202,STANDING_UP
2022-07-11 12:14:07.628000+00:00,-0.06465620734774769,-0.019657256103876142,-0.11029565501946659,2022-07-11 12:14:07.628000+00:00,-0.015273153974229126,0.024998797849024035,0.015172528473219149,STANDING_UP
2022-07-11 12:14:07.638000+00:00,-0.06908251738424964,-0.02231075649991754,-0.10486665389479644,2022-07-11 12:14:07.637000+00:00,-0.019788163238988132,0.028848805881578343,0.01086752081087261,STANDING_UP
2022-07-11 12:14:07.647000+00:00,-0.06816370855240417,-0.021944757021651773,-0.10440534706990123,2022-07-11 12:14:07.666000+00:00,-0.020873164260816535,0.026363801007402543,0.008662516365646189,STANDING_UP
2022-07-11 12:14:07.667000+00:00,-0.06737070791008282,-0.020145255914729265,-0.10406984235654626,2022-07-11 12:14:07.667000+00:00,-0.021538165493021233,0.02415879656217612,0.006282511865776552,STANDING_UP
2022-07-11 12:14:07.668000+00:00,-0.0661202052608112,-0.018986255794142037,-0.10474465660120114,2022-07-11 12:14:07.731000+00:00,-0.021923166296276664,0.0219537921169497,0.00397250747314426,STANDING_UP
2022-07-11 12:14:07.732000+00:00,-0.06575420730204129,-0.018250442902689512,-0.10382584776935555,2022-07-11 12:14:07.731000+00:00,-0.022098168058520717,0.019048785745549468,0.0016975032408554913,STANDING_UP
2022-07-11 12:14:07.732000+00:00,-0.06541870866667021,-0.016633942294647985,-0.10178234447776258,2022-07-11 12:14:07.732000+00:00,-0.02213316704488888,0.016843783007923774,-0.0004768759173231496,STANDING_UP
2022-07-11 12:14:07.733000+00:00,-0.06496120665971994,-0.01599344282780879,-0.10007433982154068,2022-07-11 12:14:07.733000+00:00,-0.021678166561296286,0.015198779420596109,-0.0025068798810061743,STANDING_UP
2022-07-11 12:14:07.733000+00:00,-0.06908251738424964,-0.022676755978183416,-0.0968375277095288,2022-07-11 12:14:07.733000+00:00,-0.01891316125817122,0.010683770155837102,-0.0017018782208766403,STANDING_UP
2022-07-11 12:14:07.734000+00:00,-0.0573933933773314,-0.011292628244245484,-0.10187384244795905,2022-07-11 12:14:07.733000+00:00,-0.018143159651660357,0.012888774601063524,-0.0036968819174909573,STANDING_UP
2022-07-11 12:14:07.740000+00:00,-0.06163670747344041,-0.018433443401570493,-0.0951295291312908,2022-07-11 12:14:07.734000+00:00,-0.01824816002596641,0.01397377647669229,-0.008001890006737455,STANDING_UP
2022-07-11 12:14:07.741000+00:00,-0.06230770474418257,-0.02264625665478459,-0.09757334060098133,2022-07-11 12:14:07.741000+00:00,-0.015273153974229126,0.013343775938456481,-0.009716893274402394,STANDING_UP
2022-07-11 12:14:07.778000+00:00,-0.06273470742773402,-0.023500257463399565,-0.09751234195418368,2022-07-11 12:14:07.778000+00:00,-0.012683149579547748,0.013098775349675629,-0.010661895789356945,STANDING_UP
2022-07-11 12:14:07.778000+00:00,-0.06352770807005537,-0.023683256442784573,-0.09796984396113395,2022-07-11 12:14:07.778000+00:00,-0.010058144490897258,0.01239877342350204,-0.011186896807086955,STANDING_UP
2022-07-11 12:14:07.778000+00:00,-0.06648620929756499,-0.025421757383413346,-0.09757334060098133,2022-07-11 12:14:07.778000+00:00,-0.007433139402246769,0.01099877127875537,-0.011326897021561644,STANDING_UP
2022-07-11 12:14:07.778000+00:00,-0.07902933867158612,-0.03784288642484723,-0.0952515264248861,2022-07-11 12:14:07.778000+00:00,-0.003968132599848184,0.006728763029677287,-0.009646893594065342,STANDING_UP
2022-07-11 12:14:07.784000+00:00,-0.05449589079661943,-0.013919441732312965,-0.10263633768889768,2022-07-11 12:14:07.784000+00:00,-0.0011681272431044443,0.005328760031130253,-0.007581889363313499,STANDING_UP
2022-07-11 12:14:07.794000+00:00,-0.06331420672827959,-0.021731255679875994,-0.0946415278009417,2022-07-11 12:14:07.794000+00:00,-0.001763128368071909,0.008303765655967243,-0.011571896756542022,STANDING_UP
2022-07-11 12:14:07.805000+00:00,-0.06544920799006904,-0.023469756620504767,-0.09482452981931855,2022-07-11 12:14:07.804000+00:00,0.001561878006401951,0.007428764528950804,-0.012306898522884357,STANDING_UP
2022-07-11 12:14:07.811000+00:00,-0.06694370522653137,-0.02362225627649084,-0.09400102985359837,2022-07-11 12:14:07.811000+00:00,0.004886884167425665,0.008303765655967243,-0.012341898363052883,STANDING_UP
2022-07-11 12:14:07.822000+00:00,-0.06715720656830704,-0.023012256133050468,-0.0950075257597115,2022-07-11 12:14:07.821000+00:00,0.007896890486231767,0.009178767636784269,-0.012201898148578194,STANDING_UP
2022-07-11 12:14:07.833000+00:00,-0.06691320590313254,-0.023500257463399565,-0.09628852773238195,2022-07-11 12:14:07.832000+00:00,0.00992689402301461,0.010123769297938345,-0.012201898148578194,STANDING_UP
2022-07-11 12:14:07.843000+00:00,-0.06669970456135677,-0.024293256586224943,-0.0992508398558205,2022-07-11 12:14:07.842000+00:00,0.011466897236036333,0.010753770689974518,-0.012516899271496462,STANDING_UP
2022-07-11 12:14:07.853000+00:00,-0.06541870866667021,-0.02432375742911974,-0.10135534179421113,2022-07-11 12:14:07.852000+00:00,0.012201898148578305,0.011313771547873275,-0.013426901092482013,STANDING_UP
2022-07-11 12:14:07.862000+00:00,-0.06523570664829337,-0.024659257583986793,-0.10254483971870121,2022-07-11 12:14:07.863000+00:00,0.012306898522884246,0.012713774546420309,-0.014861903931197573,STANDING_UP
2022-07-11 12:14:07.873000+00:00,-0.06486970868952346,-0.025330257893720898,-0.10342934440920293,2022-07-11 12:14:07.871000+00:00,0.01279689970044573,0.01397377647669229,-0.01650690581092462,STANDING_UP
2022-07-11 12:14:07.883000+00:00,-0.07030252071012244,-0.0343963838669884,-0.10453116133740936,2022-07-11 12:14:07.882000+00:00,0.015176903346515003,0.01152377229648538,-0.014931903611534736,STANDING_UP
2022-07-11 12:14:07.892000+00:00,-0.056234388698256255,-0.01852494289126294,-0.10504964983518938,2022-07-11 12:14:07.891000+00:00,0.01475690355689152,0.01526877910093316,-0.016296906769913244,STANDING_UP
2022-07-11 12:14:07.902000+00:00,-0.060229891233261834,-0.026981070240586047,-0.10333784643900645,2022-07-11 12:14:07.901000+00:00,0.013636900987293865,0.01813878477836428,-0.019761912291611172,STANDING_UP
2022-07-11 12:14:07.911000+00:00,-0.060900894581987886,-0.030793570757214672,-0.10355134170279823,2022-07-11 12:14:07.910000+00:00,0.014546902808279416,0.017893785043384014,-0.020986914381714628,STANDING_UP
2022-07-11 12:14:07.920000+00:00,-0.06227720542078374,-0.0322270723858713,-0.10397834438634967,2022-07-11 12:14:07.919000+00:00,0.015211904040484114,0.017438782852190693,-0.02151191625324511,STANDING_UP
2022-07-11 12:14:07.930000+00:00,-0.06279570607453167,-0.03161707072293485,-0.10465315863100466,2022-07-11 12:14:07.929000+00:00,0.015666904524076708,0.01666878124567983,-0.021336916198601896,STANDING_UP
2022-07-11 12:14:07.941000+00:00,-0.06270420810433519,-0.030946070413200744,-0.1038868464161532,2022-07-11 12:14:07.939000+00:00,0.01612190500766908,0.016108780387781074,-0.020916914701377465,STANDING_UP
2022-07-11 12:14:07.951000+00:00,-0.06236870339098022,-0.030946070413200744,-0.1030328410490503,2022-07-11 12:14:07.950000+00:00,0.01682190693384289,0.01673878263361761,-0.020566914592091035,STANDING_UP
2022-07-11 12:14:07.960000+00:00,-0.06297870809290851,-0.03140357242015113,-0.10321583698944325,2022-07-11 12:14:07.959000+00:00,0.018361910146864613,0.01701878306256699,-0.020181913788835604,STANDING_UP
2022-07-11 12:14:07.970000+00:00,-0.08351664735488573,-0.05429001732468541,-0.10819115308107596,2022-07-11 12:14:07.970000+00:00,0.02042691352381598,0.01600378001347491,-0.018781911644089044,STANDING_UP
2022-07-11 12:14:07.980000+00:00,-0.042532263762135925,-0.011353628410539107,-0.10718465109697883,2022-07-11 12:14:07.979000+00:00,0.024486922304982395,0.009458768065733647,-0.012166898308409668,STANDING_UP
2022-07-11 12:14:07.990000+00:00,-0.05372957858176808,-0.022432756832504896,-0.10159934245938573,2022-07-11 12:14:07.990000+00:00,0.02137191518497006,0.018663784942293926,-0.018816910630457095,STANDING_UP
2022-07-11 12:14:07.999000+00:00,-0.05641739071663321,-0.030610571777829776,-0.09235402992215802,2022-07-11 12:14:07.998000+00:00,0.024556921985319446,0.01950378793674279,-0.021196915130326843,STANDING_UP
2022-07-11 12:14:08.008000+00:00,-0.058308391313248054,-0.03723288476191078,-0.08829371176644207,2022-07-11 12:14:08.009000+00:00,0.030751933823774502,0.01988878873999833,-0.023121919146603997,STANDING_UP
2022-07-11 12:14:08.019000+00:00,-0.0757048334073227,-0.06192264014980042,-0.10376483696659,2022-07-11 12:14:08.018000+00:00,0.04062632680583578,0.006728763029677287,-0.016716906559536837,STANDING_UP
2022-07-11 12:14:08.028000+00:00,-0.05153357867318098,-0.005833126656554555,-0.11722297643249568,2022-07-11 12:14:08.027000+00:00,0.04153632777302074,0.005888761315929081,-0.015981905646994976,STANDING_UP
2022-07-11 12:14:08.037000+00:00,-0.0682895228199123,-0.030824070080613497,-0.11118015970996831,2022-07-11 12:14:08.036000+00:00,0.039856325199324916,0.010858771064280681,-0.019621912930936958,STANDING_UP
2022-07-11 12:14:08.048000+00:00,-0.06954001939119991,-0.0347013862179526,-0.11347147456266471,2022-07-11 12:14:08.047000+00:00,0.0434963324832669,0.008968766888172164,-0.018081909717915234,STANDING_UP
2022-07-11 12:14:08.057000+00:00,-0.08888464983275823,-0.05511732818633441,-0.12113077973726583,2022-07-11 12:14:08.058000+00:00,0.04762634265237131,-0.004576258771603836,-0.008946892521692007,STANDING_UP
2022-07-11 12:14:08.067000+00:00,-0.062124702725805614,-0.0036638136559413725,-0.13379591248286615,2022-07-11 12:14:08.066000+00:00,0.04006632594793702,-0.00034125065618828554,-0.01083689584400016,STANDING_UP
2022-07-11 12:14:08.078000+00:00,-0.12706303793196838,-0.08450408878135451,-0.15701785906176347,2022-07-11 12:14:08.077000+00:00,0.029876931842957477,-0.0036312571104497593,-0.00978689380853992,STANDING_UP
2022-07-11 12:14:08.089000+00:00,-0.08504164999273078,-0.04229969882373996,-0.14819954313010342,2022-07-11 12:14:08.089000+00:00,0.022736918343348567,-0.02127129139156081,0.007892514759135327,STANDING_UP
2022-07-11 12:14:08.097000+00:00,-0.08165233518574078,-0.053131012645610265,-0.141638225753828,2022-07-11 12:14:08.096000+00:00,0.014021901790549185,-0.01626628094924032,0.008802516580120878,STANDING_UP
2022-07-11 12:14:08.107000+00:00,-0.06972302140957687,-0.05224651403309244,-0.11942278115902782,2022-07-11 12:14:08.106000+00:00,0.012201898148578305,-0.0174562840529755,0.009082517009070257,STANDING_UP
2022-07-11 12:14:08.117000+00:00,-0.052631578627474584,-0.04153720054380938,-0.09424503051877298,2022-07-11 12:14:08.117000+00:00,0.016296906769913244,-0.018226285659486363,0.005897511489421303,STANDING_UP
2022-07-11 12:14:08.126000+00:00,-0.042684763418121996,-0.03323738526589726,-0.09360452649344575,2022-07-11 12:14:08.126000+00:00,0.02385692005914586,-0.011821272218618839,-0.0006868762923977201,STANDING_UP
2022-07-11 12:14:08.136000+00:00,-0.05486188875538933,-0.03753788711287498,-0.12293028844166809,2022-07-11 12:14:08.136000+00:00,0.030156933979507805,-0.0034912566825250346,-0.008141890221212145,STANDING_UP
2022-07-11 12:14:08.163000+00:00,-0.058369389960045814,-0.02603175904634969,-0.1136849698264566,2022-07-11 12:14:08.163000+00:00,0.030261934353813746,0.004558758851519684,-0.01580690559235165,STANDING_UP
2022-07-11 12:14:08.164000+00:00,-0.11570941256042122,-0.09499990396785374,-0.13962141696768893,2022-07-11 12:14:08.164000+00:00,0.033241315278847106,0.01526877910093316,-0.020461914217784982,STANDING_UP
2022-07-11 12:14:08.165000+00:00,-0.08076783657322295,-0.035006385529924855,-0.10358184102619705,2022-07-11 12:14:08.164000+00:00,0.04619133981365575,-0.014901277790861811,-0.00037187570310459606,STANDING_UP
2022-07-11 12:14:08.203000+00:00,-0.050557576012482675,-0.023683256442784573,-0.09509902980789198,2022-07-11 12:14:08.203000+00:00,0.04650633752137234,0.01596878102710697,-0.010906895524337323,STANDING_UP
2022-07-11 12:14:08.204000+00:00,-0.06490020801292229,-0.042482700842116805,-0.11395947589301392,2022-07-11 12:14:08.204000+00:00,0.052351349250540746,0.03360881488131762,-0.019166912447344475,STANDING_UP
2022-07-11 12:14:08.204000+00:00,-0.06850301808370407,-0.05087401409022552,-0.11682647307234306,2022-07-11 12:14:08.204000+00:00,0.05718135963821802,0.034168815739216374,-0.020671914966397198,STANDING_UP
2022-07-11 12:14:08.205000+00:00,-0.08928115319291086,-0.06903295750322258,-0.12546178090764237,2022-07-11 12:14:08.204000+00:00,0.06848638400090046,0.010228769672244509,-0.01223689798874672,STANDING_UP
2022-07-11 12:14:08.211000+00:00,-0.0483920754272944,-0.04449570177131901,-0.09442802645916593,2022-07-11 12:14:08.211000+00:00,0.07048138769751477,0.016108780387781074,-0.015946904953025975,STANDING_UP
2022-07-11 12:14:08.257000+00:00,-0.07307801991925522,-0.06091233334775836,-0.11927028454203359,2022-07-11 12:14:08.258000+00:00,0.07527639226842053,0.02916380700449661,-0.024766922733931773,STANDING_UP
2022-07-11 12:14:08.258000+00:00,-0.06981451937977334,-0.06192264014980042,-0.11825997773999164,2022-07-11 12:14:08.258000+00:00,0.07916140270254468,0.02380879474528874,-0.023751919684839695,STANDING_UP
2022-07-11 12:14:08.258000+00:00,-0.060687393240212106,-0.06305114550547675,-0.11084465499661333,2022-07-11 12:14:08.258000+00:00,0.08371140753847017,0.016878781994291936,-0.023086918452634997,STANDING_UP
2022-07-11 12:14:08.258000+00:00,-0.05366857993497043,-0.06582664471460953,-0.11188547327802201,2022-07-11 12:14:08.258000+00:00,0.08854141792614745,0.012083773154384136,-0.024101921501726964,STANDING_UP
2022-07-11 12:14:08.261000+00:00,-0.054251890131444935,-0.0704054574460895,-0.10999066178547834,2022-07-11 12:14:08.261000+00:00,0.09137642461721063,0.008163765441492776,-0.02634192493332166,STANDING_UP
2022-07-11 12:14:08.273000+00:00,-0.05455688944341708,-0.07336395867359913,-0.10468365795440349,2022-07-11 12:14:08.273000+00:00,0.09372143183831283,0.004698759065994373,-0.028266928949598702,STANDING_UP
2022-07-11 12:14:08.288000+00:00,-0.052296079992103506,-0.07519396062341643,-0.10529365657834788,2022-07-11 12:14:08.287000+00:00,0.0960664322290119,0.0020387539237252117,-0.029736932482283263,STANDING_UP
2022-07-11 12:14:08.296000+00:00,-0.0497340760467625,-0.07513296197661867,-0.10687965786299058,2022-07-11 12:14:08.295000+00:00,0.0973264367206852,0.00046375087053496244,-0.031871935539571794,STANDING_UP
2022-07-11 12:14:08.306000+00:00,-0.04994757738853828,-0.07595646194233885,-0.10529365657834788,2022-07-11 12:14:08.305000+00:00,0.09757143645566546,-0.00016625032139183649,-0.03470694223063486,STANDING_UP
2022-07-11 12:14:08.318000+00:00,-0.049856076379349856,-0.07763777209310696,-0.10074534317026673,2022-07-11 12:14:08.317000+00:00,0.09785143517701389,0.00046375087053496244,-0.037576947908066094,STANDING_UP
2022-07-11 12:14:08.337000+00:00,-0.050130576367923174,-0.07980327267829523,-0.09891534122044943,2022-07-11 12:14:08.335000+00:00,0.09872643715783092,0.0016537531204696698,-0.040481952571865376,STANDING_UP
2022-07-11 12:14:08.337000+00:00,-0.05153357867318098,-0.0812367712679598,-0.09934234390400087,2022-07-11 12:14:08.338000+00:00,0.09935643940366745,0.0017237533344320877,-0.043246957874990555,STANDING_UP
2022-07-11 12:14:08.340000+00:00,-0.05193007595534971,-0.08215177528186046,-0.09540402911986412,2022-07-11 12:14:08.341000+00:00,0.09956644015227978,0.0006387512453531752,-0.045451962320216976,STANDING_UP
2022-07-11 12:14:08.361000+00:00,-0.05034407770969895,-0.08206027123367998,-0.09262852991073145,2022-07-11 12:14:08.362000+00:00,0.10026644037085264,-0.0002012503883511707,-0.04744696601683118,STANDING_UP
2022-07-11 12:14:08.363000+00:00,-0.049368078087992706,-0.08199927258688233,-0.08862921647979705,2022-07-11 12:14:08.362000+00:00,0.10138644208664993,-0.0010062519150743077,-0.04972196843479393,STANDING_UP
2022-07-11 12:14:08.375000+00:00,-0.046928077514231004,-0.08331458477888054,-0.08792771380767217,2022-07-11 12:14:08.374000+00:00,0.1030314490891795,-0.0032812563608130008,-0.05199697426795835,STANDING_UP
2022-07-11 12:14:08.380000+00:00,-0.04860557676907018,-0.08557158941224918,-0.08295239771603946,2022-07-11 12:14:08.380000+00:00,0.10481645203718148,-0.007236264127323033,-0.05378197721596045,STANDING_UP
2022-07-11 12:14:08.388000+00:00,-0.049368078087992706,-0.08758458730245944,-0.08414571261444237,2022-07-11 12:14:08.389000+00:00,0.10751145595236866,-0.012941274788216495,-0.05469197818314553,STANDING_UP
2022-07-11 12:14:08.399000+00:00,-0.052479075932496455,-0.09069940212087602,-0.0836882106074921,2022-07-11 12:14:08.400000+00:00,0.10933145788673881,-0.019241287000977603,-0.0550069793060638,STANDING_UP
2022-07-11 12:14:08.415000+00:00,-0.050923577010244525,-0.0933529040364135,-0.08365771128409327,2022-07-11 12:14:08.414000+00:00,0.1104514596025361,-0.02410629637502304,-0.05469197818314553,STANDING_UP
2022-07-11 12:14:08.420000+00:00,-0.05110657598962953,-0.09557940326839942,-0.07685239932062726,2022-07-11 12:14:08.420000+00:00,0.11122146462424864,-0.026381300500586624,-0.054901978931757744,STANDING_UP
2022-07-11 12:14:08.430000+00:00,-0.04790407713593725,-0.09722640319983977,-0.07544558308044869,2022-07-11 12:14:08.431000+00:00,0.11230646735367777,-0.026451300180923676,-0.05514698208193969,STANDING_UP
2022-07-11 12:14:08.442000+00:00,-0.042654261055731224,-0.0964029032341196,-0.07758439523816707,2022-07-11 12:14:08.442000+00:00,0.11216646457780177,-0.027711302964996132,-0.05619698240979909,STANDING_UP
2022-07-11 12:14:08.450000+00:00,-0.039756761514011196,-0.09841971809824257,-0.07862139654566291,2022-07-11 12:14:08.449000+00:00,0.11066146035114821,-0.03093131045931452,-0.05868198899157562,STANDING_UP
2022-07-11 12:14:08.460000+00:00,-0.02748813212856349,-0.09182790139856845,-0.07331058181865924,2022-07-11 12:14:08.460000+00:00,0.10852646070906147,-0.03401131347015629,-0.061236990130886904,STANDING_UP
2022-07-11 12:14:08.472000+00:00,-0.03127013332179329,-0.0982062167564669,-0.06464476858197721,2022-07-11 12:14:08.471000+00:00,0.1074764569660005,-0.037056320909831575,-0.06564699902133986,STANDING_UP
2022-07-11 12:14:08.480000+00:00,-0.016500504715786124,-0.09191939936876492,-0.06134695782316757,2022-07-11 12:14:08.480000+00:00,0.10758145392510499,-0.03929632434142616,-0.06967200540093643,STANDING_UP
2022-07-11 12:14:08.492000+00:00,-0.013511504164877675,-0.09259040271749097,-0.05878495387782667,2022-07-11 12:14:08.493000+00:00,0.10782645366008525,-0.04619133981365564,-0.07446701680224566,STANDING_UP
2022-07-11 12:14:08.501000+00:00,-0.0021273756711918113,-0.08859108928655657,-0.05530795199656913,2022-07-11 12:14:08.501000+00:00,0.10604145071208326,-0.050216346193252326,-0.08160702859425384,STANDING_UP
2022-07-11 12:14:08.509000+00:00,-0.01213900346226282,-0.09512190126144915,-0.051827139219382645,2022-07-11 12:14:08.509000+00:00,0.10523645353440592,-0.0574963607611364,-0.088012041181321,STANDING_UP
2022-07-11 12:14:08.519000+00:00,-0.006584189589580514,-0.08447358945795569,-0.04145332436547067,2022-07-11 12:14:08.518000+00:00,0.10348644957277187,-0.06243136810791816,-0.09091704584512028,STANDING_UP
2022-07-11 12:14:08.526000+00:00,-0.02663413283944449,-0.09240740069911402,-0.04224632500779202,2022-07-11 12:14:08.526000+00:00,0.10002144063587237,-0.058756365252809584,-0.09529205574920507,STANDING_UP
2022-07-11 12:14:08.535000+00:00,-0.03868544998718759,-0.09069940212087602,-0.0308926965972528,2022-07-11 12:14:08.534000+00:00,0.09722143293117735,-0.05844136071468964,-0.09165205188046466,STANDING_UP
2022-07-11 12:14:08.546000+00:00,-0.03389694680986077,-0.08502258943510244,-0.02845269602349121,2022-07-11 12:14:08.545000+00:00,0.09582143249403163,-0.05665635776668765,-0.08647203796829928,STANDING_UP
2022-07-11 12:14:08.555000+00:00,-0.03981776319980079,-0.09042109123637376,-0.028727196012064526,2022-07-11 12:14:08.556000+00:00,0.09421143130827359,-0.05417135460011269,-0.08566704079062193,STANDING_UP
2022-07-11 12:14:08.573000+00:00,-0.04207476175518565,-0.09530490327982599,-0.03629500929445306,2022-07-11 12:14:08.572000+00:00,0.09102642109272252,-0.04829134388457601,-0.08405703277446064,STANDING_UP
2022-07-11 12:14:08.577000+00:00,-0.04884957743424467,-0.1002802193714587,-0.039467011863738355,2022-07-11 12:14:08.578000+00:00,0.08630141449455286,-0.043041331999674304,-0.08129203088653714,STANDING_UP
2022-07-11 12:14:08.588000+00:00,-0.05846089400822618,-0.10492003074973633,-0.03922301119856386,2022-07-11 12:14:08.589000+00:00,0.08080640287467089,-0.03558631908474785,-0.07702202477196018,STANDING_UP
2022-07-11 12:14:08.600000+00:00,-0.06761470857525731,-0.10931203056691063,-0.03971101252891296,2022-07-11 12:14:08.601000+00:00,0.07583639654152097,-0.027116301413128485,-0.07047700940901713,STANDING_UP
2022-07-11 12:14:08.611000+00:00,-0.0737795225913801,-0.11270134537390053,-0.038674011221417115,2022-07-11 12:14:08.611000+00:00,0.07184638914829233,-0.01766628309398688,-0.06214699109807198,STANDING_UP
2022-07-11 12:14:08.619000+00:00,-0.07701633470339198,-0.11465335069529703,-0.03687451163399058,2022-07-11 12:14:08.620000+00:00,0.06925638219220964,-0.004646258878841181,-0.052801974860837375,STANDING_UP
2022-07-11 12:14:08.629000+00:00,-0.08122533858017322,-0.11770334381501923,-0.03501401036077456,2022-07-11 12:14:08.628000+00:00,0.06754137721694398,0.01187377240577181,-0.04282695637776612,STANDING_UP
2022-07-11 12:14:08.645000+00:00,-0.08195733449771303,-0.11755084719802511,-0.03888751256319278,2022-07-11 12:14:08.646000+00:00,0.06579137325531015,0.029268807378802775,-0.03169693719252942,STANDING_UP
2022-07-11 12:14:08.647000+00:00,-0.0793648373069572,-0.11733735193423334,-0.041575324698057914,2022-07-11 12:14:08.646000+00:00,0.06390137334820367,0.036373820184442796,-0.018746910950120044,STANDING_UP
2022-07-11 12:14:08.692000+00:00,-0.0810728358851952,-0.11962865463096184,-0.047892638370166773,2022-07-11 12:14:08.692000+00:00,0.05910636194689434,0.03619881842219863,-0.005516885559461948,STANDING_UP
2022-07-11 12:14:08.693000+00:00,-0.07918183528858025,-0.12188566534231449,-0.04917364034283722,2022-07-11 12:14:08.692000+00:00,0.053821354490826145,0.025803800149503786,0.009817518775412593,STANDING_UP
2022-07-11 12:14:08.693000+00:00,-0.07088202001066812,-0.11895385254227486,-0.037606510590522335,2022-07-11 12:14:08.693000+00:00,0.04664634029724812,0.01673878263361761,0.02483254754097275,STANDING_UP
2022-07-11 12:14:08.693000+00:00,-0.06389370602882516,-0.11501934257608304,-0.02851369467028886,2022-07-11 12:14:08.694000+00:00,0.040171326322243184,0.015723779584525754,0.03851757298832337,STANDING_UP
2022-07-11 12:14:08.694000+00:00,-0.050923577010244525,-0.11251834943350758,-0.018380068066126465,2022-07-11 12:14:08.694000+00:00,0.035551316683178014,0.019048785745549468,0.05118759880178336,STANDING_UP
2022-07-11 12:14:08.711000+00:00,-0.03551344741790219,-0.10949502650730358,-0.027629196057771033,2022-07-11 12:14:08.699000+00:00,0.03292193928263276,0.02447379597749344,0.06126761765916067,STANDING_UP
2022-07-11 12:14:08.711000+00:00,-0.02068281864560151,-0.10861053397276965,-0.05729045664136445,2022-07-11 12:14:08.711000+00:00,0.028406930017873755,0.026853802184964026,0.06777762720533231,STANDING_UP
2022-07-11 12:14:08.741000+00:00,-0.004174688719091657,-0.10736003740148192,-0.07895689518103399,2022-07-11 12:14:08.742000+00:00,0.019481911862661905,0.022128792171592915,0.0701576334128029,STANDING_UP
2022-07-11 12:14:08.742000+00:00,0.008124439609880962,-0.1057435367934404,-0.09458052915414394,2022-07-11 12:14:08.742000+00:00,0.00730188893436412,0.015583780223851429,0.06763763125985967,STANDING_UP
2022-07-11 12:14:08.742000+00:00,0.022741568559901948,-0.10329971316778197,-0.09394002512881683,2022-07-11 12:14:08.742000+00:00,-0.008273140689094793,0.010543769941362413,0.05997261418111943,STANDING_UP
2022-07-11 12:14:08.750000+00:00,0.03659619771049649,-0.099548217375935,-0.06943708265523296,2022-07-11 12:14:08.750000+00:00,-0.025878174703137025,0.017928784029752176,0.04789759162712781,WALKING
2022-07-11 12:14:08.759000+00:00,0.046638324824966215,-0.09353589997680645,-0.037118512299165185,2022-07-11 12:14:08.760000+00:00,-0.04281820663117408,0.04145320518039641,0.0355775693381557,WALKING
2022-07-11 12:14:08.774000+00:00,0.04343201203635316,-0.09350540065340762,-0.019481880435844978,2022-07-11 12:14:08.774000+00:00,-0.05121822291485545,0.06031823941710979,0.023327545021920137,WALKING
2022-07-11 12:14:08.782000+00:00,0.02423607035485209,-0.10220171321348848,-0.02061038123303327,2022-07-11 12:14:08.783000+00:00,-0.05188322414706026,0.05909324074220801,0.011462521508939894,WALKING
2022-07-11 12:14:08.794000+00:00,-0.0007548752059980401,-0.11071503591116028,-0.018014067068364725,2022-07-11 12:14:08.794000+00:00,-0.05044822130834459,0.04411321010921543,0.002992505758371511,WALKING
2022-07-11 12:14:08.801000+00:00,-0.022909319397083405,-0.11596484591338241,-0.020488380900446024,2022-07-11 12:14:08.801000+00:00,-0.04691321439870866,0.029233804977232936,-5.68751071412521e-05,WALKING
2022-07-11 12:14:08.813000+00:00,-0.035208448105930046,-0.11978116340392386,-0.030862197273853975,2022-07-11 12:14:08.812000+00:00,-0.04281820663117408,0.016913782688261048,0.001977503776529943,WALKING
2022-07-11 12:14:08.824000+00:00,-0.03743494733791597,-0.12161115927575716,-0.032631197537881684,2022-07-11 12:14:08.823000+00:00,-0.04061320218594766,0.006763762869845813,0.006282511865776552,WALKING
2022-07-11 12:14:08.834000+00:00,-0.031941133631527285,-0.12194666398911214,-0.026348194085100474,2022-07-11 12:14:08.833000+00:00,-0.03942319908221237,0.002598754995073893,0.010902520651041359,WALKING
2022-07-11 12:14:08.842000+00:00,-0.026878133504618984,-0.12252616328965771,-0.017434567767819042,2022-07-11 12:14:08.842000+00:00,-0.03672819516702519,0.002073753977343884,0.014297527346202488,WALKING
2022-07-11 12:14:08.852000+00:00,-0.02376332020569838,-0.12167215792255481,-0.012646066109988197,2022-07-11 12:14:08.851000+00:00,-0.03140818530938716,0.0017237533344320877,0.01629253189661717,WALKING
2022-07-11 12:14:08.873000+00:00,-0.022756819741097334,-0.12063515661505886,-0.01261556602684133,2022-07-11 12:14:08.872000+00:00,-0.024198172129441087,-0.0006212511651814134,0.016747532380209762,WALKING
2022-07-11 12:14:08.874000+00:00,-0.02525782048115266,-0.11892335321887593,-0.014049066895749918,2022-07-11 12:14:08.874000+00:00,-0.016393155690026417,-0.0026512549687768283,0.01636253157695422,WALKING
2022-07-11 12:14:08.880000+00:00,-0.02797613345891259,-0.11465335069529703,-0.017831068088979718,2022-07-11 12:14:08.879000+00:00,-0.008938141921299492,-0.0025462548079208114,0.016117530134373226,WALKING
2022-07-11 12:14:08.896000+00:00,-0.03069063402124761,-0.10900703733292227,-0.022440381663354603,2022-07-11 12:14:08.894000+00:00,-0.002393129546657935,-0.0008662516472370818,0.015837529705423847,WALKING
2022-07-11 12:14:08.900000+00:00,-0.031026132656618688,-0.10363521788113705,-0.02536838204796943,2022-07-11 12:14:08.899000+00:00,0.0030318808987361834,0.002073753977343884,0.015662529650780632,WALKING
2022-07-11 12:14:08.906000+00:00,-0.030080632358311266,-0.09997521398150255,-0.027141194727421825,2022-07-11 12:14:08.907000+00:00,0.0077918901119258255,0.005958761423166425,0.01527752884752509,WALKING
2022-07-11 12:14:08.920000+00:00,-0.02803713210571024,-0.09692140388786752,-0.02903219532403678,2022-07-11 12:14:08.920000+00:00,0.011921897719628927,0.01047377026102514,0.014367527880340125,WALKING
2022-07-11 12:14:08.931000+00:00,-0.026451133860059484,-0.09417640400213356,-0.02973369495716971,2022-07-11 12:14:08.930000+00:00,0.015701905218045598,0.015128779740258835,0.012757524133180764,WALKING
2022-07-11 12:14:08.936000+00:00,-0.024708820504005913,-0.09219389935733824,-0.030618196608679482,2022-07-11 12:14:08.935000+00:00,0.01965691191730512,0.01957378761707984,0.01076252043656667,WALKING
2022-07-11 12:14:08.960000+00:00,-0.022451818909629107,-0.09143140411639972,-0.033763510750494885,2022-07-11 12:14:08.959000+00:00,0.023541920643828318,0.024228796242513173,0.008312516256359759,WALKING
2022-07-11 12:14:08.960000+00:00,-0.019737318347294086,-0.09088240413925297,-0.03815551056766908,2022-07-11 12:14:08.961000+00:00,0.026691926750208816,0.02909380561655861,0.005267510097385131,WALKING
2022-07-11 12:14:08.966000+00:00,-0.016531005558681033,-0.09106540007964592,-0.04184982468663134,2022-07-11 12:14:08.965000+00:00,0.02858193007251697,0.03448381686213464,0.001662503187236819,WALKING
2022-07-11 12:14:08.976000+00:00,-0.013969004652331973,-0.09182790139856845,-0.04511332522611311,2022-07-11 12:14:08.975000+00:00,0.029386932372996943,0.039908827094078614,-0.0025068798810061743,WALKING
2022-07-11 12:14:08.990000+00:00,-0.015463504927786254,-0.09377990064198094,-0.04569282452665879,2022-07-11 12:14:08.991000+00:00,0.029596933121609048,0.04484820931415645,-0.006776887916634111,WALKING
2022-07-11 12:14:09+00:00,-0.018944317704972735,-0.09606740459874852,-0.045448826900476136,2022-07-11 12:14:08.999000+00:00,0.029876931842957477,0.04953822034115962,-0.010346894666438677,WALKING
2022-07-11 12:14:09.009000+00:00,-0.02373281936280358,-0.09899921739878814,-0.04538782521468654,2022-07-11 12:14:09.009000+00:00,0.030471931687224396,0.05440322971520506,-0.012866899380783003,WALKING
2022-07-11 12:14:09.019000+00:00,-0.027732132793737985,-0.10153071594274632,-0.04966163863419437,2022-07-11 12:14:09.018000+00:00,0.030926935586018445,0.05898823695270017,-0.014091902324686822,WALKING
2022-07-11 12:14:09.028000+00:00,-0.034354448816811045,-0.10412321921148615,-0.053474139150823,2022-07-11 12:14:09.027000+00:00,0.030891933184448828,0.06199824540600729,-0.014301902219498563,WALKING
2022-07-11 12:14:09.039000+00:00,-0.04149526245463997,-0.1069635340413293,-0.05985245450872145,2022-07-11 12:14:09.038000+00:00,0.03064693344946834,0.06301324333229696,-0.013041900289226582,WALKING
2022-07-11 12:14:09.043000+00:00,-0.04842257778968517,-0.11077603455795793,-0.07074858395130224,2022-07-11 12:14:09.042000+00:00,0.02893193188940435,0.06133324417380259,-0.010276894986101515,WALKING
2022-07-11 12:14:09.056000+00:00,-0.05461788809021484,-0.11373834668139648,-0.08228140044529741,2022-07-11 12:14:09.057000+00:00,0.023716920698471533,0.056783232507473747,-0.006321887006141336,WALKING
2022-07-11 12:14:09.067000+00:00,-0.05843039468482736,-0.11550734390643214,-0.08981871440428701,2022-07-11 12:14:09.066000+00:00,0.014896902917565846,0.051043221152611506,-0.001666878167257968,WALKING
2022-07-11 12:14:09.078000+00:00,-0.06035189460484114,-0.11575135064959063,-0.08957471373911252,2022-07-11 12:14:09.077000+00:00,0.004396883416764474,0.04516321043707472,0.0031675060264648724,WALKING
2022-07-11 12:14:09.088000+00:00,-0.06386320670542633,-0.11761184584482276,-0.08673821588318209,2022-07-11 12:14:09.087000+00:00,-0.0055431356530384335,0.03969882634546651,0.007717514704492112,WALKING
2022-07-11 12:14:09.097000+00:00,-0.06590670391903541,-0.1266169746907887,-0.08515221459853939,2022-07-11 12:14:09.097000+00:00,-0.01313815006314023,0.032138813056233895,0.012547524238369023,WALKING
2022-07-11 12:14:09.105000+00:00,-0.0704855227284994,-0.1378142864714289,-0.09070702391273378,2022-07-11 12:14:09.104000+00:00,-0.01796815959701714,0.02310879452671588,0.01804253415065027,WALKING
2022-07-11 12:14:09.116000+00:00,-0.07240702264851306,-0.1543529183804555,-0.0963495263791796,2022-07-11 12:14:09.116000+00:00,-0.022623168222450363,0.015233778406964271,0.02525254903819718,WALKING
2022-07-11 12:14:09.134000+00:00,-0.06825901741852947,-0.18328217696852533,-0.0919575265620054,2022-07-11 12:14:09.133000+00:00,-0.027033177112903317,0.007358763994813167,0.03340756387929744,WALKING
2022-07-11 12:14:09.134000+00:00,-0.06529670529509102,-0.22078957387497733,-0.07651689460727229,2022-07-11 12:14:09.135000+00:00,-0.02958817995981533,-0.0065012623609808085,0.04030257593632536,WALKING
2022-07-11 12:14:09.181000+00:00,-0.06130120276008544,-0.2495358122107183,-0.06000495720369947,2022-07-11 12:14:09.182000+00:00,-0.03210818552796013,-0.02473629691325885,0.048107592375739916,WALKING
2022-07-11 12:14:09.182000+00:00,-0.03517794878253122,-0.245170506898998,-0.03009969595493156,2022-07-11 12:14:09.182000+00:00,-0.03354318836667569,-0.03320631287727738,0.06018261492973154,WALKING
2022-07-11 12:14:09.182000+00:00,0.019539068186713804,-0.185176988461069,0.0032558760885061933,2022-07-11 12:14:09.183000+00:00,-0.027348176528220747,-0.043076330986042466,0.0665876275167987,WALKING
2022-07-11 12:14:09.183000+00:00,0.06095045446301506,-0.10522503613969247,0.048296763522177155,2022-07-11 12:14:09.183000+00:00,-0.010618145348795904,-0.05287635112207134,0.05717260989162609,WALKING
2022-07-11 12:14:09.183000+00:00,0.08304390176421994,-0.05185001675092371,0.042040448496865945,2022-07-11 12:14:09.183000+00:00,0.01685690762781178,-0.04545633719351294,0.03851757298832337,WALKING
2022-07-11 12:14:09.193000+00:00,0.08847290288888998,-0.0364093847961906,-0.009165252573053673,2022-07-11 12:14:09.187000+00:00,0.03971632583865059,-0.040276326696549236,0.015557529276474469,WALKING
2022-07-11 12:14:09.223000+00:00,0.07873958294332928,-0.05435101597148306,-0.04377132460664501,2022-07-11 12:14:09.223000+00:00,0.04713633976720888,-0.04286633365263193,-0.007161888719889542,WALKING
2022-07-11 12:14:09.224000+00:00,0.06134695782316757,-0.08062677264401541,-0.05597895534529518,2022-07-11 12:14:09.224000+00:00,0.04290133263899998,-0.04461633419906419,-0.027041926859495358,WALKING
2022-07-11 12:14:09.224000+00:00,0.036992698031657056,-0.102110215243292,-0.02887969566805071,2022-07-11 12:14:09.224000+00:00,0.03649632005193282,-0.04997134645827195,-0.04450695895146206,WALKING
2022-07-11 12:14:09.229000+00:00,0.001197125319489123,-0.10553002937368072,0.01708000553582778,2022-07-11 12:14:09.227000+00:00,0.03961132546434443,-0.06068136414628433,-0.05665198289339157,WALKING
2022-07-11 12:14:09.238000+00:00,-0.020865819144482378,-0.1030862179039902,0.05034026377477807,2022-07-11 12:14:09.238000+00:00,0.05186134978058021,-0.07083138439159964,-0.06011698841508961,WALKING
2022-07-11 12:14:09.254000+00:00,-0.021963819098775983,-0.10092071731880192,0.059921081025360756,2022-07-11 12:14:09.254000+00:00,0.06295637339465032,-0.06831138223865652,-0.059871988680109234,WALKING
2022-07-11 12:14:09.265000+00:00,-0.021353818955335613,-0.1072075286285199,0.05809107907554356,2022-07-11 12:14:09.266000+00:00,0.07030638593527083,-0.06229137216244551,-0.058821984937048266,WALKING
2022-07-11 12:14:09.267000+00:00,-0.02532263306287119,-0.11282334266749583,0.06596389166990413,2022-07-11 12:14:09.267000+00:00,0.07629139702511356,-0.05854636450419737,-0.05654698251908552,WALKING
2022-07-11 12:14:09.294000+00:00,-0.026664632162843316,-0.12725747263813192,0.038532947292209574,2022-07-11 12:14:09.293000+00:00,0.08287141137442466,-0.05347135096633815,-0.05231197539087662,WALKING
2022-07-11 12:14:09.296000+00:00,-0.027244134502380835,-0.14397910048755158,0.012989191095704955,2022-07-11 12:14:09.296000+00:00,0.08374641335524169,-0.048746344368168604,-0.048951970243484744,WALKING
2022-07-11 12:14:09.298000+00:00,-0.03444594678700752,-0.17049886390324243,-0.004986751438537218,2022-07-11 12:14:09.299000+00:00,0.0818214076313637,-0.04825634148300628,-0.047516967404769184,WALKING
2022-07-11 12:14:09.307000+00:00,-0.04414876437017745,-0.1856344904680194,-0.007457252475319698,2022-07-11 12:14:09.308000+00:00,0.07793639719723955,-0.041361329425978366,-0.04615196253878984,WALKING
2022-07-11 12:14:09.322000+00:00,-0.0529060786160479,-0.1885929977735129,-0.018532567722112647,2022-07-11 12:14:09.322000+00:00,0.07429639332849924,-0.031806312440131546,-0.0438069587328892,WALKING
2022-07-11 12:14:09.330000+00:00,-0.06502220530651759,-0.16735354368344302,-0.014140566385442366,2022-07-11 12:14:09.329000+00:00,0.07034138492163877,-0.0230562943395628,-0.03918694909382403,WALKING
2022-07-11 12:14:09.341000+00:00,-0.06517470800149572,-0.14187459854916096,-0.008158752108452627,2022-07-11 12:14:09.340000+00:00,0.06771637897918814,-0.013396275271809088,-0.029806930455019587,WALKING
2022-07-11 12:14:09.350000+00:00,-0.051289578008006376,-0.12145866265876304,-0.004281438630231449,2022-07-11 12:14:09.350000+00:00,0.0655113745339615,-0.005381260218283335,-0.01822190907858956,WALKING
2022-07-11 12:14:09.360000+00:00,-0.03289044786475559,-0.10961703595686678,0.004079376054226369,2022-07-11 12:14:09.361000+00:00,0.06537137175808572,-0.005731260754469947,-0.00835189096982436,WALKING
2022-07-11 12:14:09.370000+00:00,-0.016500504715786124,-0.10451972257163877,0.010732191020824233,2022-07-11 12:14:09.369000+00:00,0.06747137924420765,-0.012696274199435753,-0.0022618792922254327,WALKING
2022-07-11 12:14:09.380000+00:00,-0.004571188660378311,-0.10461122054183525,0.01082369051051657,2022-07-11 12:14:09.380000+00:00,0.07013138417302667,-0.022916293271287747,-0.0004068757834045922,WALKING
2022-07-11 12:14:09.391000+00:00,0.0005566251403861244,-0.1078175272524644,0.009813377630490727,2022-07-11 12:14:09.390000+00:00,0.07226639064551676,-0.034956316838911206,-0.0014218776852022996,WALKING
2022-07-11 12:14:09.399000+00:00,0.006080939357280046,-0.11150803047549773,0.008318877355036447,2022-07-11 12:14:09.398000+00:00,0.07314139262633379,-0.04363633184394111,-0.003731882184559665,WALKING
2022-07-11 12:14:09.407000+00:00,0.010289940195069347,-0.11459235204849938,0.010030690627943262,2022-07-11 12:14:09.407000+00:00,0.07118138791608764,-0.04367133424551095,-0.00835189096982436,WALKING
2022-07-11 12:14:09.414000+00:00,0.006660439417573549,-0.11923216342677712,0.0102136903670762,2022-07-11 12:14:09.414000+00:00,0.06719138052285922,-0.033451312612257644,-0.015316904414790167,WALKING
2022-07-11 12:14:09.431000+00:00,0.0023866256181916956,-0.12280065720024724,0.0026420633397039595,2022-07-11 12:14:09.430000+00:00,0.0627113668292667,-0.01980128785887625,-0.02221191817941881,WALKING
2022-07-11 12:14:09.438000+00:00,-0.0017003754568212237,-0.12295316597320927,-0.0065117521770122755,2022-07-11 12:14:09.438000+00:00,0.05868636044967013,-0.012731274039604279,-0.02893193188940435,WALKING
2022-07-11 12:14:09.447000+00:00,-0.013054003677423376,-0.12112315794540807,-0.001017937805844138,2022-07-11 12:14:09.447000+00:00,0.05490635380505382,-0.0125912738251297,-0.03540694244920772,WALKING
2022-07-11 12:14:09.458000+00:00,-0.022207819763950587,-0.11914066545658053,0.007952877117022528,2022-07-11 12:14:09.457000+00:00,0.05322635123135777,-0.011471272109332298,-0.03782194764304636,WALKING
2022-07-11 12:14:09.468000+00:00,-0.021353818955335613,-0.11511084054627951,0.010671190854530499,2022-07-11 12:14:09.467000+00:00,0.053261350217725933,-0.007866264665558842,-0.0370519460365355,WALKING
2022-07-11 12:14:09.477000+00:00,-0.018181817905546183,-0.11028803322760883,0.013507691749452766,2022-07-11 12:14:09.478000+00:00,0.05329635261929577,-0.0055912605399952575,-0.03715694641084166,WALKING
2022-07-11 12:14:09.486000+00:00,-0.018883317538679112,-0.11019653525741235,0.01399569156030589,2022-07-11 12:14:09.486000+00:00,0.05249135202641675,-0.004156258128179879,-0.03855695026318906,WALKING
2022-07-11 12:14:09.509000+00:00,-0.018791818048986553,-0.11016603593401353,0.014087191049998449,2022-07-11 12:14:09.510000+00:00,0.05175634940627405,-0.004961259574859267,-0.03932695186969992,WALKING
2022-07-11 12:14:09.512000+00:00,-0.020621818479307885,-0.11019653525741235,0.01723250519181385,2022-07-11 12:14:09.511000+00:00,0.051616350045599724,-0.006606262735286861,-0.03988695272759857,WALKING
2022-07-11 12:14:09.512000+00:00,-0.024220819173656705,-0.11169103857185858,0.01628319247808152,2022-07-11 12:14:09.513000+00:00,0.05186134978058021,-0.005381260218283335,-0.03974694995172268,WALKING
2022-07-11 12:14:09.522000+00:00,-0.025719131864535894,-0.11297585144045785,0.008257877188742713,2022-07-11 12:14:09.521000+00:00,0.05098634779976319,-0.003946257379567664,-0.03880194999816944,WALKING
2022-07-11 12:14:09.536000+00:00,-0.02727463382577966,-0.11471434934209468,0.0029813759099956982,2022-07-11 12:14:09.537000+00:00,0.04818634351026985,-0.00622126193203143,-0.03764694588080231,WALKING
2022-07-11 12:14:09.546000+00:00,-0.027671134146940335,-0.11642234792033268,-0.0019329381159732817,2022-07-11 12:14:09.546000+00:00,0.04468633558700219,-0.01206627280739958,-0.03642194379069896,WALKING
2022-07-11 12:14:09.557000+00:00,-0.026115632185696458,-0.11849635053532448,-0.00339693849821765,2022-07-11 12:14:09.556000+00:00,0.040941327928754045,-0.020501289785049948,-0.03537194346283956,WALKING
2022-07-11 12:14:09.560000+00:00,-0.023641319873111133,-0.12017765460810859,-0.0025124381762668957,2022-07-11 12:14:09.561000+00:00,0.037056320909831575,-0.0272913014677717,-0.03411193897116638,WALKING
2022-07-11 12:14:09.572000+00:00,-0.021384318278734438,-0.12148916198216186,-0.0016889380206097648,2022-07-11 12:14:09.573000+00:00,0.03327631426521527,-0.030826310085008468,-0.03278193650675687,WALKING
2022-07-11 12:14:09.595000+00:00,-0.017476505856988456,-0.11959815530756301,-0.0016279380442530966,2022-07-11 12:14:09.594000+00:00,0.029771931468651536,-0.032821313781622674,-0.03173193617889758,WALKING
2022-07-11 12:14:09.596000+00:00,-0.015921005415240552,-0.1185268498587233,0.0008425627076238396,2022-07-11 12:14:09.597000+00:00,0.02686692680485203,-0.03544631630887196,-0.031801934151633904,WALKING
2022-07-11 12:14:09.599000+00:00,-0.015097503930024403,-0.11703234654427719,0.0011780628624908918,2022-07-11 12:14:09.615000+00:00,0.025081922149249314,-0.0385963241228533,-0.03218693666249006,WALKING
2022-07-11 12:14:09.616000+00:00,-0.018056005157534027,-0.11870984579911636,0.0019100630536130758,2022-07-11 12:14:09.616000+00:00,0.023051919466266835,-0.040941327928753934,-0.0332719393919193,WALKING
2022-07-11 12:14:09.672000+00:00,-0.02205531858846843,-0.12005565731451329,0.0047503763639604735,2022-07-11 12:14:09.673000+00:00,0.021406915878938948,-0.04143133081391637,-0.033726939875511786,WALKING
2022-07-11 12:14:09.673000+00:00,-0.027122134169793588,-0.12252616328965771,0.00459787632810027,2022-07-11 12:14:09.673000+00:00,0.02042691352381598,-0.04146632980028442,-0.03355193811326773,WALKING
2022-07-11 12:14:09.674000+00:00,-0.03169713296635279,-0.1244476571316876,0.006976876735568238,2022-07-11 12:14:09.674000+00:00,0.018186910092221398,-0.04048632744516145,-0.03232693602316439,WALKING
2022-07-11 12:14:09.675000+00:00,-0.035909947739062864,-0.12551515776258226,0.014758191359732553,2022-07-11 12:14:09.674000+00:00,0.01381190104193708,-0.03649632005193293,-0.031031935960324608,WALKING
2022-07-11 12:14:09.675000+00:00,-0.0424407627529475,-0.12789797058547514,0.02541032013713873,2022-07-11 12:14:09.675000+00:00,0.008771891613248428,-0.028236304836526616,-0.03005193360520164,WALKING
2022-07-11 12:14:09.676000+00:00,-0.047416075805588154,-0.12923997728292724,0.032520635971064804,2022-07-11 12:14:09.675000+00:00,0.004256883202289785,-0.016791282820770803,-0.028686928739222295,WALKING
2022-07-11 12:14:09.676000+00:00,-0.04982557705595103,-0.12939247389992137,0.032947635615624415,2022-07-11 12:14:09.676000+00:00,0.0007918765066161626,-0.006396262413574938,-0.027181926220169572,WALKING
2022-07-11 12:14:09.711000+00:00,-0.04894107540444126,-0.13381879001440722,0.029619322494424116,2022-07-11 12:14:09.711000+00:00,-0.00046812590391853703,-0.0032812563608130008,-0.02501192246891215,WALKING
2022-07-11 12:14:09.711000+00:00,-0.04485026400331027,-0.14236259987951005,0.016313691801480346,2022-07-11 12:14:09.711000+00:00,-0.0010981271358670996,-0.006781262789930076,-0.021546916947214112,WALKING
2022-07-11 12:14:09.711000+00:00,-0.034415447463608695,-0.15172991578831696,0.00917287740390349,2022-07-11 12:14:09.711000+00:00,-0.00046812590391853703,-0.022881294284919584,-0.015491904469433382,WALKING
2022-07-11 12:14:09.716000+00:00,-0.026115632185696458,-0.16466954244450682,0.008715377676197011,2022-07-11 12:14:09.716000+00:00,-0.0015531279396348019,-0.03702132192346341,-0.010136894771626825,WALKING
2022-07-11 12:14:09.728000+00:00,-0.017842505335254333,-0.17501286101401192,0.005268876637834374,2022-07-11 12:14:09.727000+00:00,-0.005228134957020347,-0.035621318071116015,-0.00495688427466312,WALKING
2022-07-11 12:14:09.737000+00:00,-0.012352503284542515,-0.18136068312649545,-0.00462075120052341,2022-07-11 12:14:09.739000+00:00,-0.011003146152051335,-0.02344129514281823,0.00036312568969987247,WALKING
2022-07-11 12:14:09.748000+00:00,-0.017476505856988456,-0.18303818238133462,-0.010507253192521882,2022-07-11 12:14:09.749000+00:00,-0.019228162381089486,-0.01455127768157538,0.0056875107408091985,WALKING
2022-07-11 12:14:09.761000+00:00,-0.029806132369737837,-0.17855467243799605,-0.007487752558466565,2022-07-11 12:14:09.760000+00:00,-0.030148184232915654,-0.012101273501368581,0.011567521883246057,WALKING
2022-07-11 12:14:09.770000+00:00,-0.040031261502584625,-0.17434186374326988,-0.004407251378243604,2022-07-11 12:14:09.769000+00:00,-0.04159320454107063,-0.012696274199435753,0.01874253607682408,WALKING
2022-07-11 12:14:09.780000+00:00,-0.04781257612674883,-0.1740063590299149,-0.0057187515346909246,2022-07-11 12:14:09.779000+00:00,-0.05443822870157311,-0.011786272378450202,0.026372550753994473,WALKING
2022-07-11 12:14:09.794000+00:00,-0.051625076643377454,-0.1740063590299149,-0.011975065800254092,2022-07-11 12:14:09.793000+00:00,-0.06917325618438375,-0.007691264610915627,0.03445756762235841,WALKING
2022-07-11 12:14:09.803000+00:00,-0.05104557734283188,-0.17537886505076572,-0.020335881244459952,2022-07-11 12:14:09.802000+00:00,-0.08467828527370513,-0.0026512549687768283,0.042752580116532046,WALKING
2022-07-11 12:14:09.807000+00:00,-0.044941761973506744,-0.17443336171346635,-0.02781219503715593,2022-07-11 12:14:09.807000+00:00,-0.09930831238220972,0.0018637536556318501,0.05167759827174412,WALKING
2022-07-11 12:14:09.812000+00:00,-0.031453135340170135,-0.16726204571324654,-0.03406851006246714,2022-07-11 12:14:09.811000+00:00,-0.11187333782136366,0.005188759816655564,0.06119761968642434,WALKING
2022-07-11 12:14:09.829000+00:00,-0.014060504142024532,-0.15636973932256248,-0.039040012219178855,2022-07-11 12:14:09.828000+00:00,-0.12192273939607212,0.0052237600837243825,0.07026263720231052,WALKING
2022-07-11 12:14:09.837000+00:00,0.001624125438891122,-0.15063191583402336,-0.04389332493923237,2022-07-11 12:14:09.838000+00:00,-0.13046275162522614,0.001968753816487867,0.07799765225378708,WALKING
2022-07-11 12:14:09.851000+00:00,0.015600754922072912,-0.15218741779526723,-0.049478639654809364,2022-07-11 12:14:09.852000+00:00,-0.1393177683925001,-0.0034562566289063623,0.08429766105134662,WALKING
2022-07-11 12:14:09.858000+00:00,0.02579538321202479,-0.16057873104337594,-0.054789451342821094,2022-07-11 12:14:09.859000+00:00,-0.1483127811052467,-0.011786272378450202,0.08898766866314811,WALKING
2022-07-11 12:14:09.868000+00:00,0.038060198662551725,-0.16787204433719094,-0.05207113988455725,2022-07-11 12:14:09.867000+00:00,-0.15618779893259926,-0.02515629841048317,0.09154267663286264,WALKING
2022-07-11 12:14:09.888000+00:00,0.050999828357733534,-0.17025485716008393,-0.030435197629294475,2022-07-11 12:14:09.887000+00:00,-0.15867280892957747,-0.04335633312259257,0.09035267011392567,WALKING
2022-07-11 12:14:09.889000+00:00,0.05823214300475099,-0.16531005254781794,0.001940563136759943,2022-07-11 12:14:09.890000+00:00,-0.15247779709112252,-0.059071362960526286,0.08457765977269505,WALKING
2022-07-11 12:14:09.898000+00:00,0.05631064308473732,-0.15704073659330464,0.024217006758231907,2022-07-11 12:14:09.897000+00:00,-0.1414527748649902,-0.06425137004228842,0.07533764732496828,WALKING
2022-07-11 12:14:09.906000+00:00,0.046024512266100936,-0.14702910576324157,0.03541813551278494,2022-07-11 12:14:09.907000+00:00,-0.13200274800784462,-0.05679635712736186,0.06543262681463324,WALKING
2022-07-11 12:14:09.917000+00:00,0.03040088437097488,-0.13589279262939902,0.044602449403214894,2022-07-11 12:14:09.918000+00:00,-0.1257727371830215,-0.03684632016121936,0.0559826067878908,WALKING
2022-07-11 12:14:09.922000+00:00,0.012825254193444158,-0.12469166387484609,0.043473950125522576,2022-07-11 12:14:09.921000+00:00,-0.11859335494655077,-0.010211269325259953,0.04677758991133052,WALKING
2022-07-11 12:14:09.936000+00:00,-0.004754188779385271,-0.11532434796603919,0.02949732216183687,2022-07-11 12:14:09.937000+00:00,-0.1103683335947101,0.013553775833268222,0.03792257314405645,WALKING
2022-07-11 12:14:09.947000+00:00,-0.025353132386270016,-0.11117253791811055,0.022265005995323328,2022-07-11 12:14:09.947000+00:00,-0.10322832180270192,0.029268807378802775,0.03263756227278658,WALKING
2022-07-11 12:14:09.956000+00:00,-0.041891762775800645,-0.10626202529122053,0.023424006115910556,2022-07-11 12:14:09.956000+00:00,-0.09507330525400082,0.03868382500397538,0.03477256533007522,WALKING
2022-07-11 12:14:09.964000+00:00,-0.05000857603533593,-0.10067671665362732,0.02461731949481738,2022-07-11 12:14:09.964000+00:00,-0.08415328681737633,0.044358209844195695,0.04142257765212265,WALKING
2022-07-11 12:14:09.986000+00:00,-0.05992489192128958,-0.10275071319063522,0.019916506430750047,2022-07-11 12:14:09.985000+00:00,-0.07158826137822238,0.04491821070209445,0.05104759602590736,WALKING
2022-07-11 12:14:09.987000+00:00,-0.06663870591455912,-0.10812253264242055,0.013050191261998467,2022-07-11 12:14:09.987000+00:00,-0.06017824347163714,0.04348320786337889,0.06518762707965298,WALKING
2022-07-11 12:14:09.989000+00:00,-0.05974188990291274,-0.11190835080956318,0.0027678758977789375,2022-07-11 12:14:09.990000+00:00,-0.051043221152611395,0.04134820480609025,0.08156765814979128,WALKING
2022-07-11 12:14:10+00:00,-0.043233763395268854,-0.1129148406376923,-0.0024514381999102275,2022-07-11 12:14:10.001000+00:00,-0.04355320925131678,0.0365138195451169,0.09563768098519554,WALKING
2022-07-11 12:14:10.016000+00:00,-0.023946319185083387,-0.11257934808030523,-0.0030614383433507086,2022-07-11 12:14:10.017000+00:00,-0.03599319254688249,0.030353806693030227,0.10456270255560907,WALKING
2022-07-11 12:14:10.024000+00:00,-0.006126689482000125,-0.10995252851425386,-0.0012314378180608987,2022-07-11 12:14:10.025000+00:00,-0.026893176044628264,0.024088796881838848,0.10792270770300094,WALKING
2022-07-11 12:14:10.033000+00:00,0.011178253502255986,-0.10342172261734517,-0.007762252547039994,2022-07-11 12:14:10.032000+00:00,-0.017373158045149495,0.02097378976182651,0.10540269871965458,WALKING
2022-07-11 12:14:10.043000+00:00,0.023046569391370175,-0.09817571743306808,-0.008707752845347416,2022-07-11 12:14:10.044000+00:00,-0.010198144705371948,0.02023878884928476,0.09693268446323677,WALKING
2022-07-11 12:14:10.054000+00:00,0.01404525448032512,-0.10278121251403405,0.011250690914824002,2022-07-11 12:14:10.053000+00:00,-0.0014131277251601126,0.02128879088474478,0.0878676669473506,WALKING
2022-07-11 12:14:10.062000+00:00,0.007331439727307654,-0.10317771587418667,0.0036828761129397147,2022-07-11 12:14:10.061000+00:00,0.009191892256672274,0.03077380819025466,0.0819526538302442,WALKING
2022-07-11 12:14:10.072000+00:00,0.011574753063668508,-0.0982062167564669,-0.0070912522373058895,2022-07-11 12:14:10.071000+00:00,0.01650690581092462,0.03871882399034354,0.07687764370758665,WALKING
2022-07-11 12:14:10.082000+00:00,0.014777254956352737,-0.09371890199518329,-0.008280752441039874,2022-07-11 12:14:10.081000+00:00,0.02109191475602068,0.043168206740460624,0.07061263389639527,WALKING
2022-07-11 12:14:10.091000+00:00,0.01825806773353933,-0.08956708586927087,-0.011422253407682437,2022-07-11 12:14:10.108000+00:00,0.025781924075422902,0.04519821283864456,0.06417262232295995,WALKING
2022-07-11 12:14:10.108000+00:00,0.020698068307301032,-0.08523608469889421,-0.014354066207722171,2022-07-11 12:14:10.109000+00:00,0.029806930455019698,0.04561821092066731,0.056857608768707824,WALKING
2022-07-11 12:14:10.110000+00:00,0.018532567722112647,-0.08398558812760659,-0.016275567647231814,2022-07-11 12:14:10.110000+00:00,0.03288693688106292,0.04554821294793099,0.04824759173641424,WALKING
2022-07-11 12:14:10.155000+00:00,0.014929754612338808,-0.08392458948080894,-0.019512381278739777,2022-07-11 12:14:10.154000+00:00,0.03653131903830098,0.044358209844195695,0.03998757481340709,WALKING
2022-07-11 12:14:10.155000+00:00,0.010751253097948332,-0.08202977191028116,-0.022074382185088726,2022-07-11 12:14:10.155000+00:00,0.04097632691512221,0.04082320293455988,0.032077561414888045,WALKING
2022-07-11 12:14:10.156000+00:00,0.005836939071979463,-0.08138927396293794,-0.02527688255827698,2022-07-11 12:14:10.156000+00:00,0.04566633794212516,0.03402881637854205,0.023712545825175457,WALKING
2022-07-11 12:14:10.156000+00:00,0.0003736251163477533,-0.08141977328633676,-0.023904382615409947,2022-07-11 12:14:10.156000+00:00,0.050146344805314325,0.026118799564821327,0.015837529705423847,WALKING
2022-07-11 12:14:10.157000+00:00,-0.0027983757909888496,-0.07971177470809876,-0.022165881674781174,2022-07-11 12:14:10.156000+00:00,0.054486355723031066,0.021463790939387994,0.008347516096528285,WALKING
2022-07-11 12:14:10.231000+00:00,-0.005455689172266132,-0.07721077548753941,-0.01972588110101947,2022-07-11 12:14:10.164000+00:00,0.058791364239177746,0.01803378440405834,0.0005731261181369796,WALKING
2022-07-11 12:14:10.232000+00:00,-0.007072189400433637,-0.07669227483379149,-0.017312567435231796,2022-07-11 12:14:10.231000+00:00,0.06334136907510324,0.015583780223851429,-0.007581889363313499,WALKING
2022-07-11 12:14:10.232000+00:00,-0.00923768998562191,-0.07772927006330344,-0.0195733814450334,2022-07-11 12:14:10.232000+00:00,0.06719138052285922,0.015583780223851429,-0.016681907573168675,WALKING
2022-07-11 12:14:10.232000+00:00,-0.013572504331171409,-0.07943727471952533,-0.023721382116529077,2022-07-11 12:14:10.232000+00:00,0.06901138245722938,0.015828779958831696,-0.026166924878678333,WALKING
2022-07-11 12:14:10.233000+00:00,-0.01476200377515735,-0.08199927258688233,-0.031289196918413476,2022-07-11 12:14:10.233000+00:00,0.06890637866772154,0.01348377615293117,-0.03495194196561524,WALKING
2022-07-11 12:14:10.233000+00:00,-0.013450503998584051,-0.08731008731388601,-0.03599000998248081,2022-07-11 12:14:10.233000+00:00,0.06743638025783949,0.008583766084916622,-0.043246957874990555,WALKING
2022-07-11 12:14:10.233000+00:00,-0.011712003057955278,-0.09902971672218708,-0.044015325271819616,2022-07-11 12:14:10.234000+00:00,0.06642137550114668,0.005818761208691736,-0.0508419735657929,WALKING
2022-07-11 12:14:10.261000+00:00,-0.011773003224248901,-0.11706284586767601,-0.05890695724940598,2022-07-11 12:14:10.261000+00:00,0.06614137677979826,0.0077437647980687085,-0.05738698551353427,WALKING
2022-07-11 12:14:10.262000+00:00,-0.019401818192427034,-0.14260660662266855,-0.08215939707371811,2022-07-11 12:14:10.262000+00:00,0.06432137484542788,0.013658776207574386,-0.06333699761700895,WALKING
2022-07-11 12:14:10.262000+00:00,-0.04561276228324085,-0.17528736708056925,-0.11606396567543664,2022-07-11 12:14:10.262000+00:00,0.05581635818744046,0.023563795010308475,-0.06813200218791482,WALKING
2022-07-11 12:14:10.262000+00:00,-0.10194627986052729,-0.20733143440907165,-0.14975504509134718,2022-07-11 12:14:10.262000+00:00,0.03331131325158343,0.03938382522254824,-0.06631200025354456,WALKING
2022-07-11 12:14:10.272000+00:00,-0.18214223892506232,-0.2330238748071456,-0.1634876784678424,2022-07-11 12:14:10.271000+00:00,-0.0017981284216904703,0.058498237482739635,-0.04811196724903599,WALKING
2022-07-11 12:14:10.283000+00:00,-0.24543356204381694,-0.23250537415339767,-0.14731123362165666,2022-07-11 12:14:10.283000+00:00,-0.03921319833360015,0.07267326410765151,-0.010101894077657825,WALKING
2022-07-11 12:14:10.292000+00:00,-0.23499875766008316,-0.2070264411750834,-0.09885434257365178,2022-07-11 12:14:10.291000+00:00,-0.06584825002336003,0.0729882618153681,0.037327569884588074,WALKING
2022-07-11 12:14:10.310000+00:00,-0.1722564223625075,-0.16955336056594295,-0.04764863770499217,2022-07-11 12:14:10.308000+00:00,-0.07270826309401968,0.0657782520506236,0.07628264727852141,WALKING
2022-07-11 12:14:10.319000+00:00,-0.1117749025942294,-0.12142816333536421,-0.02704969675722535,2022-07-11 12:14:10.317000+00:00,-0.06045824219298568,0.05324822559783793,0.09462268305890587,WALKING
2022-07-11 12:14:10.329000+00:00,-0.0774128380635446,-0.0716254607719623,-0.027842694360554754,2022-07-11 12:14:10.327000+00:00,-0.0405782031995795,0.02902380422862061,0.09546267922295137,WALKING
2022-07-11 12:14:10.340000+00:00,-0.05839988928344464,-0.03952038567968641,-0.02362988262683663,2022-07-11 12:14:10.339000+00:00,-0.023288169454655172,0.005363760298199072,0.08636266272069726,WALKING
2022-07-11 12:14:10.349000+00:00,-0.047843075450147654,-0.03973388702146208,-0.00751825188186539,2022-07-11 12:14:10.348000+00:00,-0.00935814256472356,-0.009196267983768824,0.07267764239614927,WALKING
2022-07-11 12:14:10.358000+00:00,-0.032920947188154415,-0.05615432949383037,0.011494690820250675,2022-07-11 12:14:10.356000+00:00,0.0025068798810061743,-0.015286278594117242,0.059342611935282674,WALKING
2022-07-11 12:14:10.366000+00:00,0.0108732534305358,-0.07830877544183301,0.023302007302819172,2022-07-11 12:14:10.366000+00:00,0.0150369039858409,-0.02022128935610057,0.0468475912992683,WALKING
2022-07-11 12:14:10.376000+00:00,0.05194532561704901,-0.1165748445373268,0.027911320877194168,2022-07-11 12:14:10.375000+00:00,0.02893193188940435,-0.024001296000716876,0.03228756216350015,WALKING
2022-07-11 12:14:10.382000+00:00,0.08679539755606691,-0.17104786388038917,0.02446481983883131,2022-07-11 12:14:10.383000+00:00,0.04192133028387701,-0.026451300180923676,0.016782531366577924,WALKING
2022-07-11 12:14:10.396000+00:00,0.10965134009821043,-0.22304657243036208,0.00758687687900883,2022-07-11 12:14:10.397000+00:00,0.049131343463823196,-0.02130629037792897,-0.002191879184988088,WALKING
2022-07-11 12:14:10.403000+00:00,0.10736384221942696,-0.25734762615828144,-0.017617568266700023,2022-07-11 12:14:10.404000+00:00,0.04608633943934959,-0.0031762559865069484,-0.023716920698471533,WALKING
2022-07-11 12:14:10.416000+00:00,0.07745858704864284,-0.2671419569066077,-0.07627290002008169,2022-07-11 12:14:10.416000+00:00,0.032641937146082656,0.024928798168686983,-0.03974694995172268,WALKING
2022-07-11 12:14:10.424000+00:00,0.009069939908188385,-0.23104138231831817,-0.11700946901273601,2022-07-11 12:14:10.425000+00:00,0.007756889417956714,0.04505821006276878,-0.039116951121087706,WALKING
2022-07-11 12:14:10.435000+00:00,-0.03539144708531494,-0.15948073108908234,-0.05716845326978515,2022-07-11 12:14:10.434000+00:00,-0.015658154777484556,0.05023822055973248,-0.02427692155637018,WALKING
2022-07-11 12:14:10.445000+00:00,-0.04204426243178683,-0.11355535074100354,0.010518690438796385,2022-07-11 12:14:10.446000+00:00,-0.016078156274708988,0.056748233521105584,-0.014581903502248306,WALKING
2022-07-11 12:14:10.458000+00:00,-0.027396634158367017,-0.08169427327491008,-0.016824567624378672,2022-07-11 12:14:10.457000+00:00,0.0015968780600206234,0.04103320368317198,-0.009506893379590653,WALKING
2022-07-11 12:14:10.460000+00:00,-0.008414190019901735,-0.06289864281049862,-0.018532567722112647,2022-07-11 12:14:10.459000+00:00,0.012131898468241031,-0.0070262633787109285,-0.010626895095387945,WALKING
2022-07-11 12:14:10.471000+00:00,0.007636439799027839,-0.0690634568266214,0.019306506287309677,2022-07-11 12:14:10.472000+00:00,0.020496914911753983,-0.05711135825028013,-0.016961908002117942,WALKING
2022-07-11 12:14:10.480000+00:00,0.026618883177744967,-0.07742427075133118,0.05061476376335161,2022-07-11 12:14:10.481000+00:00,0.035551316683178014,-0.08931142294785999,-0.026271925252984496,WALKING
2022-07-11 12:14:10.489000+00:00,0.030736383006345847,-0.08743209068546531,0.05876208242426961,2022-07-11 12:14:10.490000+00:00,0.0533663505920321,-0.10541144846624662,-0.040726952306845754,WALKING
2022-07-11 12:14:10.502000+00:00,0.019752568008993387,-0.10018871532327822,0.047869763877617544,2022-07-11 12:14:10.503000+00:00,0.06656137827702269,-0.11483084096471519,-0.055671980538268606,WALKING
2022-07-11 12:14:10.511000+00:00,0.009130940074482119,-0.11251834943350758,0.028673822196116694,2022-07-11 12:14:10.510000+00:00,0.06918638421947332,-0.11948585642055176,-0.06620700329444007,WALKING
2022-07-11 12:14:10.521000+00:00,-0.002889875850492274,-0.13021597994362544,0.05073676409593886,2022-07-11 12:14:10.521000+00:00,0.06327137110236691,-0.11483084096471519,-0.07306701636509982,WALKING
2022-07-11 12:14:10.532000+00:00,-0.01503650376373078,-0.15511923059530697,0.07649402315371523,2022-07-11 12:14:10.531000+00:00,0.058091364020604885,-0.08105140260965116,-0.07436201984314117,WALKING
2022-07-11 12:14:10.539000+00:00,-0.025871631520521965,-0.16982786663250027,0.07820202173195323,2022-07-11 12:14:10.540000+00:00,0.056796357127361974,-0.022916293271287747,-0.06897200518236357,WALKING
2022-07-11 12:14:10.550000+00:00,-0.03111763366580711,-0.16851255444050217,0.05101126712350412,2022-07-11 12:14:10.551000+00:00,0.05921136573640218,0.03189380990605195,-0.06008198942872145,WALKING
2022-07-11 12:14:10.560000+00:00,-0.04234926174375897,-0.1532244191027632,0.006732876830141787,2022-07-11 12:14:10.560000+00:00,0.06355136982371556,0.054963230573103594,-0.051086973300773275,WALKING
2022-07-11 12:14:10.567000+00:00,-0.05369907925836925,-0.13473379402830787,-0.02183038151991412,2022-07-11 12:14:10.566000+00:00,0.06600137400392225,0.039943826080446776,-0.04093695305545797,WALKING
2022-07-11 12:14:10.574000+00:00,-0.05138107597820285,-0.12078766538802088,-0.024605882248542876,2022-07-11 12:14:10.593000+00:00,0.06516137783987674,0.0077437647980687085,-0.031136932919429094,WALKING
2022-07-11 12:14:10.593000+00:00,-0.05272307659767106,-0.11691034925068178,-0.011700565811680663,2022-07-11 12:14:10.594000+00:00,0.06505637405036913,-0.022601293855970317,-0.024171921182064127,WALKING
2022-07-11 12:14:10.595000+00:00,-0.04732457783539168,-0.11599534523678123,-0.0006214376746205286,2022-07-11 12:14:10.595000+00:00,0.06845137818412916,-0.04360133285757295,-0.01643690613058746,WALKING
2022-07-11 12:14:10.643000+00:00,-0.034049446465846844,-0.11535484728943801,0.008928877498476817,2022-07-11 12:14:10.643000+00:00,0.07300138985045779,-0.05263135138709096,-0.010031894397320773,WALKING
2022-07-11 12:14:10.643000+00:00,-0.023275318875349282,-0.11752034787462629,0.014209191382585695,2022-07-11 12:14:10.643000+00:00,0.07601139830376491,-0.049796344696027894,-0.007196888560058068,WALKING
2022-07-11 12:14:10.644000+00:00,-0.01125450333024891,-0.1166968418309221,0.013172191594585936,2022-07-11 12:14:10.643000+00:00,0.0764663987873575,-0.03940132471573232,-0.007301888934364231,WALKING
2022-07-11 12:14:10.644000+00:00,-0.001181875372884278,-0.11419584868834676,0.010000190544796395,2022-07-11 12:14:10.644000+00:00,0.07436639130123557,-0.028516305265475883,-0.010871895684168686,WALKING
2022-07-11 12:14:10.644000+00:00,0.0010446252836291414,-0.10998302783765268,0.012348690869117718,2022-07-11 12:14:10.644000+00:00,0.07132138386156028,-0.02162129150084724,-0.017066908376424106,WALKING
2022-07-11 12:14:10.661000+00:00,0.00244762578448543,-0.10589603341043463,0.00926437765334387,2022-07-11 12:14:10.652000+00:00,0.0692913811785778,-0.019661286790601196,-0.02322691952091005,WALKING
2022-07-11 12:14:10.696000+00:00,0.005104938975825757,-0.10553002937368072,0.0002935625880244874,2022-07-11 12:14:10.696000+00:00,0.06705137774698322,-0.023581294503492556,-0.029526931733671047,WALKING
2022-07-11 12:14:10.697000+00:00,0.0006176251642271424,-0.10934252989030946,-0.003762938736231569,2022-07-11 12:14:10.696000+00:00,0.06285136960514248,-0.029146304096110853,-0.03666694352567934,WALKING
2022-07-11 12:14:10.697000+00:00,-0.003133875945855902,-0.1130368500872555,-0.007304752059585584,2022-07-11 12:14:10.697000+00:00,0.058406361728321476,-0.030896308057744792,-0.04167195567560067,WALKING
2022-07-11 12:14:10.697000+00:00,-0.00969519047307621,-0.11492784460588645,-0.004925751272243595,2022-07-11 12:14:10.697000+00:00,0.0543113539607869,-0.029671305967641337,-0.04527696055797292,WALKING
2022-07-11 12:14:10.702000+00:00,-0.018608817550105683,-0.11550734390643214,-0.0012924378893860444,2022-07-11 12:14:10.702000+00:00,0.04962134634898563,-0.025821299642687978,-0.047831965112485775,WALKING
2022-07-11 12:14:10.720000+00:00,-0.025135820148565413,-0.11529384864264036,0.008227377105596068,2022-07-11 12:14:10.719000+00:00,0.044196336117041435,-0.021481290432572187,-0.047866967514055614,WALKING
2022-07-11 12:14:10.726000+00:00,-0.028159132438297485,-0.11199984877975966,0.01997750659704378,2022-07-11 12:14:10.727000+00:00,0.039996327975200696,-0.01735128367866945,-0.046466963661708105,WALKING
2022-07-11 12:14:10.736000+00:00,-0.03069063402124761,-0.1103795311978053,0.024342819506244062,2022-07-11 12:14:10.737000+00:00,0.03821132161199703,-0.013781276075064519,-0.04531196295954265,WALKING
2022-07-11 12:14:10.759000+00:00,-0.03673344770478304,-0.11245735078670993,0.023912007446259764,2022-07-11 12:14:10.760000+00:00,0.03828132299993503,-0.01311627484285971,-0.04464696172733795,WALKING
2022-07-11 12:14:10.761000+00:00,-0.0424407627529475,-0.11614784185377536,0.015459692512361345,2022-07-11 12:14:10.761000+00:00,0.039856325199324916,-0.015146279233442916,-0.043246957874990555,WALKING
2022-07-11 12:14:10.766000+00:00,-0.046741264599925225,-0.12048265999806473,-0.0016889380206097648,2022-07-11 12:14:10.765000+00:00,0.040521326431529614,-0.02053628877141811,-0.040726952306845754,WALKING
2022-07-11 12:14:10.772000+00:00,-0.04808707611532226,-0.12261766125985418,-0.015909566649470075,2022-07-11 12:14:10.771000+00:00,0.03730132064481184,-0.030056308478497606,-0.03736694715945388,WALKING
2022-07-11 12:14:10.782000+00:00,-0.0455517636364432,-0.12167215792255481,-0.013927066563162671,2022-07-11 12:14:10.781000+00:00,0.029806930455019698,-0.03821132161199703,-0.03383194024981795,WALKING
2022-07-11 12:14:10.790000+00:00,-0.04289826172090583,-0.11972016475712621,-0.00037743760299902007,2022-07-11 12:14:10.789000+00:00,0.021721917001857216,-0.03845632476217897,-0.030261934353813746,WALKING
2022-07-11 12:14:10.802000+00:00,-0.04079376282150715,-0.11870984579911636,0.00987437779678424,2022-07-11 12:14:10.801000+00:00,0.01682190693384289,-0.032506312658704406,-0.02648192600159671,WALKING
2022-07-11 12:14:10.815000+00:00,-0.03725194835853107,-0.11758134652142394,0.015795192667228397,2022-07-11 12:14:10.814000+00:00,0.015456903775464381,-0.027431302536046753,-0.02280691802368562,WALKING
2022-07-11 12:14:10.826000+00:00,-0.033347946832713915,-0.11639184859693386,0.01701519295410936,2022-07-11 12:14:10.825000+00:00,0.01643690613058757,-0.026486300874892676,-0.019621912930936958,WALKING
2022-07-11 12:14:10.833000+00:00,-0.029928132702325194,-0.11590384726658476,0.01591719148031978,2022-07-11 12:14:10.832000+00:00,0.018186910092221398,-0.028866305374762424,-0.017416908485710536,WALKING
2022-07-11 12:14:10.844000+00:00,-0.022116318754762054,-0.11501934257608304,0.007769877377889589,2022-07-11 12:14:10.844000+00:00,0.01937691148835574,-0.033871314109482076,-0.01643690613058746,WALKING
2022-07-11 12:14:10.853000+00:00,-0.01854781738381206,-0.1164528472437315,0.006610877257302361,2022-07-11 12:14:10.853000+00:00,0.018536910201507828,-0.04003132696156886,-0.01794190864964018,WALKING
2022-07-11 12:14:10.863000+00:00,-0.017995004991240404,-0.11972016475712621,0.008501877853917428,2022-07-11 12:14:10.862000+00:00,0.015736905912014487,-0.04199133167181501,-0.02077691534070325,WALKING
2022-07-11 12:14:10.873000+00:00,-0.01915781752725243,-0.12289215517044372,0.014910692535214709,2022-07-11 12:14:10.872000+00:00,0.010661895789356945,-0.037756321128404435,-0.02399692112742091,WALKING
2022-07-11 12:14:10.884000+00:00,-0.020987817957573762,-0.12631196930083244,0.023515507125098978,2022-07-11 12:14:10.883000+00:00,0.004501883791070638,-0.028306304516863667,-0.02676192643054598,WALKING
2022-07-11 12:14:10.887000+00:00,-0.02232981857704186,-0.1290569813425343,0.030595322116130363,2022-07-11 12:14:10.887000+00:00,-0.0015181278860161296,-0.015496279342729458,-0.028826931515098186,WALKING
2022-07-11 12:14:10.898000+00:00,-0.02400731935137701,-0.12927047660632607,0.03325263492759656,2022-07-11 12:14:10.898000+00:00,-0.006768137743141889,-0.002371254539827561,-0.030401933714488072,WALKING
2022-07-11 12:14:10.908000+00:00,-0.023275318875349282,-0.1278369719386775,0.025989820957180276,2022-07-11 12:14:10.907000+00:00,-0.010513144974489852,0.007113763406032536,-0.03022693195224402,WALKING
2022-07-11 12:14:10.922000+00:00,-0.017202004348919053,-0.12679997063118165,0.011830190975117727,2022-07-11 12:14:10.921000+00:00,-0.013628151240701825,0.009458768065733647,-0.028406930017873755,WALKING
2022-07-11 12:14:10.931000+00:00,-0.010945690843103928,-0.1308869772143676,-0.006176251642271313,2022-07-11 12:14:10.931000+00:00,-0.01583315483212777,0.0022137541918185732,-0.027286926594475625,WALKING
2022-07-11 12:14:10.937000+00:00,-0.011742503141102145,-0.13991878840981953,-0.015665567503791444,2022-07-11 12:14:10.937000+00:00,-0.015973155900402936,-0.013956276983508098,-0.026971927179158195,WALKING
2022-07-11 12:14:10.951000+00:00,-0.01213900346226282,-0.1468156104994498,-0.015909566649470075,2022-07-11 12:14:10.950000+00:00,-0.016218155635383202,-0.028131304462220452,-0.025151923537187204,WALKING
2022-07-11 12:14:10.961000+00:00,-0.019035818714161157,-0.15658323458635426,-0.009439752561627102,2022-07-11 12:14:10.960000+00:00,-0.01968316286468208,-0.03226131292372403,-0.021231915824295844,WALKING
2022-07-11 12:14:10.971000+00:00,-0.021384318278734438,-0.16579805387816704,0.0018795629704664307,2022-07-11 12:14:10.970000+00:00,-0.025283173151269378,-0.031106308806357008,-0.013881901576074607,WALKING
2022-07-11 12:14:10.982000+00:00,-0.02883013274803159,-0.17467736845662485,0.016069692655801715,2022-07-11 12:14:10.981000+00:00,-0.030778183063550624,-0.030686307309132577,-0.006426887380447499,WALKING
2022-07-11 12:14:10.991000+00:00,-0.038197448656838495,-0.17712117992631538,0.029344822505850576,2022-07-11 12:14:10.990000+00:00,-0.036903196929269244,-0.027396301842077753,0.00208250393738596,WALKING
2022-07-11 12:14:10.999000+00:00,-0.049276577078804173,-0.16955336056594295,0.030168322471570752,2022-07-11 12:14:10.999000+00:00,-0.043588208237684944,-0.019766287164907248,0.012232523115450755,WALKING
2022-07-11 12:14:11.008000+00:00,-0.059314893297345184,-0.1600602303896279,0.01900150545584145,2022-07-11 12:14:11.008000+00:00,-0.051708222384816205,-0.01262627451909859,0.023642544437237678,WALKING
2022-07-11 12:14:11.020000+00:00,-0.060290889880059484,-0.15545473530866194,-0.0016279380442530966,2022-07-11 12:14:11.020000+00:00,-0.0626632466382121,-0.008286266162783273,0.034597566983032735,WALKING
2022-07-11 12:14:11.030000+00:00,-0.05574639344589116,-0.16045673374978053,-0.017251567268938173,2022-07-11 12:14:11.030000+00:00,-0.0766982704872482,-0.007411264181966359,0.04331258438963248,WALKING
2022-07-11 12:14:11.041000+00:00,-0.044514762328947244,-0.16470005392387355,-0.03528851034934788,2022-07-11 12:14:11.041000+00:00,-0.09192330085522116,-0.0065012623609808085,0.05080259629092709,WALKING
2022-07-11 12:14:11.044000+00:00,-0.029226633069192265,-0.16875654902769277,-0.050119140641144644,2022-07-11 12:14:11.044000+00:00,-0.1084083357148673,-0.006011261610319507,0.05678760738076982,WALKING
2022-07-11 12:14:11.059000+00:00,-0.0126575033562627,-0.17162736318093474,-0.04438132626958147,2022-07-11 12:14:11.058000+00:00,-0.12395273524865125,-0.005486260592589387,0.061617621183648774,WALKING
2022-07-11 12:14:11.069000+00:00,0.0015631254625345647,-0.1721763631580816,-0.03186869621895916,2022-07-11 12:14:11.068000+00:00,-0.13403275752123023,-0.003841257432161793,0.0664476247409227,WALKING
2022-07-11 12:14:11.088000+00:00,0.017308755019807,-0.17272536313522835,-0.03577651167969709,2022-07-11 12:14:11.087000+00:00,-0.13935276737886826,-0.006186261664962722,0.07155763384994862,WALKING
2022-07-11 12:14:11.089000+00:00,0.028723382077143755,-0.17162736318093474,-0.026622694073673903,2022-07-11 12:14:11.089000+00:00,-0.14229277785943906,-0.01707128324972007,0.07575764199178936,WALKING
2022-07-11 12:14:11.136000+00:00,0.042822013412408655,-0.17086486793999622,-0.0213118808661662,2022-07-11 12:14:11.137000+00:00,-0.14159277081046284,-0.03121130918066306,0.0788726542346041,WALKING
2022-07-11 12:14:11.137000+00:00,0.05448064113492013,-0.16775004704359564,-0.016702567291791315,2022-07-11 12:14:11.137000+00:00,-0.1378127573354433,-0.0494113456003733,0.07904764916644491,WALKING
2022-07-11 12:14:11.138000+00:00,0.054816139770291095,-0.16457804447431035,-0.006938751821571776,2022-07-11 12:14:11.137000+00:00,-0.13189775104874013,-0.06750637823057581,0.07684264472121849,WALKING
2022-07-11 12:14:11.138000+00:00,0.04831582711879734,-0.1611277310205227,0.005451876756841223,2022-07-11 12:14:11.138000+00:00,-0.1257727371830215,-0.07356139412355822,0.07365764133607056,WALKING
2022-07-11 12:14:11.138000+00:00,0.039894011508297966,-0.154596925123614,0.009721878140798168,2022-07-11 12:14:11.138000+00:00,-0.11890834582386411,-0.06852138298726862,0.06928263143198587,WALKING
2022-07-11 12:14:11.147000+00:00,0.0304923853801633,-0.14373510590036098,0.01277569127342515,2022-07-11 12:14:11.140000+00:00,-0.1121533365427122,-0.05970136520636282,0.06203761585046985,WALKING
2022-07-11 12:14:11.183000+00:00,0.015478754589485666,-0.13433729066815525,0.01854400496838715,2022-07-11 12:14:11.183000+00:00,-0.10725332818229849,-0.04486133734924613,0.05104759602590736,WALKING
2022-07-11 12:14:11.183000+00:00,-0.006584189589580514,-0.12765397599828454,0.021533007038791574,2022-07-11 12:14:11.183000+00:00,-0.10298332206772154,-0.024211296749329092,0.039182574220528066,WALKING
2022-07-11 12:14:11.184000+00:00,-0.03041613403267429,-0.12313616191360222,0.019398005777002236,2022-07-11 12:14:11.183000+00:00,-0.09850331520453237,-0.0034912566825250346,0.031167560447702858,WALKING
2022-07-11 12:14:11.184000+00:00,-0.05067957634507003,-0.1165748445373268,0.020282505909015924,2022-07-11 12:14:11.184000+00:00,-0.09283330182240623,0.01386877695618649,0.030432557827560158,WALKING
2022-07-11 12:14:11.190000+00:00,-0.05656989341161134,-0.10873253126636495,0.01353819107285159,2022-07-11 12:14:11.189000+00:00,-0.08541329130904951,0.026538801062045758,0.03508756645299349,WALKING
2022-07-11 12:14:11.200000+00:00,-0.056844393400184656,-0.10360471855773812,0.011769190808823993,2022-07-11 12:14:11.199000+00:00,-0.0770482740117363,0.031473811824029196,0.042297579632939675,WALKING
2022-07-11 12:14:11.209000+00:00,-0.05266207795087341,-0.10043271598845283,0.01445319204776041,2022-07-11 12:14:11.209000+00:00,-0.06735325425001348,0.03252381215188849,0.05185260003398806,WALKING
2022-07-11 12:14:11.223000+00:00,-0.04591776463420505,-0.09851121606843904,0.008532377177316253,2022-07-11 12:14:11.224000+00:00,-0.057448233739678556,0.03514881809433934,0.061477618407772994,WALKING
2022-07-11 12:14:11.233000+00:00,-0.03523894742932887,-0.09765721677932004,0.004140376220519881,2022-07-11 12:14:11.232000+00:00,-0.04852321899966827,0.038088821744506784,0.06973763191557847,WALKING
2022-07-11 12:14:11.241000+00:00,-0.024678319661111114,-0.098694218086816,0.0027678758977789375,2022-07-11 12:14:11.237000+00:00,-0.039983199940111014,0.041208205445416146,0.07575764199178936,WALKING
2022-07-11 12:14:11.256000+00:00,-0.016226004727212806,-0.10046321531185165,0.0036523760297928476,2022-07-11 12:14:11.255000+00:00,-0.03165318504436754,0.04600321343152358,0.07967765141228145,WALKING
2022-07-11 12:14:11.264000+00:00,-0.00801768969874106,-0.1005242200366332,0.006153376769848062,2022-07-11 12:14:11.264000+00:00,-0.022973168331736793,0.052128223882040636,0.08167265510889576,WALKING
2022-07-11 12:14:11.268000+00:00,-0.004083188849525188,-0.10012771667648057,0.009538877641917187,2022-07-11 12:14:11.267000+00:00,-0.013593151400533188,0.057693233474658934,0.08111265766619868,WALKING
2022-07-11 12:14:11.283000+00:00,-0.0051506891005459465,-0.09854171539183787,0.012074190880544178,2022-07-11 12:14:11.282000+00:00,-0.003128130886099978,0.06304824231866513,0.07964265242591329,WALKING
2022-07-11 12:14:11.292000+00:00,-0.002279875707051904,-0.09402390130715554,0.00520787647154064,2022-07-11 12:14:11.292000+00:00,0.0068818882909402745,0.06717825248776954,0.07775264568840345,WALKING
2022-07-11 12:14:11.303000+00:00,0.0009836253072725842,-0.09048590077910035,0.0026115632565570923,2022-07-11 12:14:11.302000+00:00,0.015106903666177951,0.06675825099054511,0.07442763952737974,WALKING
2022-07-11 12:14:11.311000+00:00,0.0007701252475715847,-0.09005508719961997,0.002920375933639141,2022-07-11 12:14:11.311000+00:00,0.02287691941162362,0.0646582503348263,0.07047263795092262,WALKING
2022-07-11 12:14:11.322000+00:00,-0.0016393754804646665,-0.09185840072196727,0.0009340627671274859,2022-07-11 12:14:11.322000+00:00,0.03064693344946834,0.06346824381588956,0.06676262927904264,WALKING
2022-07-11 12:14:11.333000+00:00,-0.009054690246488972,-0.09664690389929409,0.0030118758032056103,2022-07-11 12:14:11.332000+00:00,0.0378613215027106,0.06413324504809426,0.06340262413165076,WALKING
2022-07-11 12:14:11.342000+00:00,-0.01564650390717115,-0.10012771667648057,-0.0008044376986588997,2022-07-11 12:14:11.342000+00:00,0.044896336335614295,0.06815825825809418,0.06137261461826515,WALKING
2022-07-11 12:14:11.351000+00:00,-0.020286318324440833,-0.10134772000235337,-0.0053832517596978935,2022-07-11 12:14:11.350000+00:00,0.051231347534743454,0.07095825913238585,0.05913261118667057,WALKING
2022-07-11 12:14:11.361000+00:00,-0.027915131773122992,-0.10326921384438315,-0.006725251999292081,2022-07-11 12:14:11.360000+00:00,0.05676135814099381,0.07200826287544682,0.05629760791080907,WALKING
2022-07-11 12:14:11.371000+00:00,-0.032981945834952064,-0.10360471855773812,-0.00751825188186539,2022-07-11 12:14:11.371000+00:00,0.062326371148813786,0.07235826639993492,0.05426760522782681,WALKING
2022-07-11 12:14:11.380000+00:00,-0.03505594844994386,-0.1027202138672364,-0.010385252859934524,2022-07-11 12:14:11.379000+00:00,0.06708637673335138,0.07400326657206113,0.05220260014327449,WALKING
2022-07-11 12:14:11.390000+00:00,-0.032707445846378747,-0.10159171458954397,-0.012920566098561515,2022-07-11 12:14:11.389000+00:00,0.07086638337796769,0.07515826727422659,0.049542595214455476,WALKING
2022-07-11 12:14:11.409000+00:00,-0.02696963147481546,-0.10049371463525048,-0.016092567148350945,2022-07-11 12:14:11.408000+00:00,0.0739813887903793,0.07624327000365572,0.04541258846055274,WALKING
2022-07-11 12:14:11.410000+00:00,-0.019737318347294086,-0.09753140251181192,-0.023355381118767227,2022-07-11 12:14:11.410000+00:00,0.0756613947792768,0.07834327748977765,0.03897257347191574,WALKING
2022-07-11 12:14:11.422000+00:00,-0.01854781738381206,-0.09927371738736157,-0.026805696092050857,2022-07-11 12:14:11.421000+00:00,0.07548639301703286,0.07911327568108684,0.03053755820186632,WALKING
2022-07-11 12:14:11.426000+00:00,-0.01717150502552023,-0.10201871727309553,-0.027141194727421825,2022-07-11 12:14:11.425000+00:00,0.07548639301703286,0.07785327118941354,0.022872544538327544,WALKING
2022-07-11 12:14:11.436000+00:00,-0.01582950440605213,-0.10589603341043463,-0.027080196080624175,2022-07-11 12:14:11.436000+00:00,0.07503139253344027,0.07834327748977765,0.01562753066441247,WALKING
2022-07-11 12:14:11.449000+00:00,-0.015158504096318026,-0.11159952844569421,-0.023904382615409947,2022-07-11 12:14:11.448000+00:00,0.07436639130123557,0.08138827809904958,0.009117517703039146,WALKING
2022-07-11 12:14:11.467000+00:00,-0.010945690843103928,-0.11855734918212213,-0.022958882317102525,2022-07-11 12:14:11.468000+00:00,0.07328138857180644,0.08842329293195328,0.0031675060264648724,WALKING
2022-07-11 12:14:11.469000+00:00,-0.009878190212209148,-0.12707447669773897,-0.024514382758850428,2022-07-11 12:14:11.469000+00:00,0.07044638188074326,0.09867831696677642,-0.0029968806316674756,WALKING
2022-07-11 12:14:11.474000+00:00,-0.010427190189355895,-0.13543529062244875,-0.032692196184679334,2022-07-11 12:14:11.474000+00:00,0.0663163785420422,0.110158332846098,-0.007756889417956714,TURNING
2022-07-11 12:14:11.485000+00:00,-0.015707504073464884,-0.14175260125556566,-0.042642825328952694,2022-07-11 12:14:11.484000+00:00,0.06040136542493579,0.12338836634785988,-0.010941896218306213,TURNING
2022-07-11 12:14:11.510000+00:00,-0.026451133860059484,-0.14519910989140827,-0.05500295268459687,2022-07-11 12:14:11.509000+00:00,0.052596348985521235,0.13882338380363857,-0.011816897345322763,TURNING
2022-07-11 12:14:11.510000+00:00,-0.034079948828237616,-0.14468060923766035,-0.06699327118554232,2022-07-11 12:14:11.511000+00:00,0.04279633226469404,0.15369841747752666,-0.010486894880913256,TURNING
2022-07-11 12:14:11.513000+00:00,-0.04137326212205272,-0.14062410197787323,-0.08124439913780146,2022-07-11 12:14:11.514000+00:00,0.030261934353813746,0.16832844458603113,-0.00992689402301461,TURNING
2022-07-11 12:14:11.522000+00:00,-0.0497340760467625,-0.1401322958295792,-0.08634171252302947,2022-07-11 12:14:11.523000+00:00,0.014966904305503625,0.175398458405303,-0.00782688995209424,TURNING
2022-07-11 12:14:11.538000+00:00,-0.060290889880059484,-0.1375702918842382,-0.08093939982582932,2022-07-11 12:14:11.539000+00:00,9.187517410058632e-05,0.17728845831240947,-0.0024368795603187943,TURNING
2022-07-11 12:14:11.547000+00:00,-0.06581520594883894,-0.1341542947277622,-0.06668827187357018,2022-07-11 12:14:11.547000+00:00,-0.012018148347342938,0.17602846748154288,0.005092509615841623,TURNING
2022-07-11 12:14:11.559000+00:00,-0.06529670529509102,-0.12835547259242552,-0.04795364005595637,2022-07-11 12:14:11.576000+00:00,-0.019508162810038865,0.17487345994897407,0.011707522097720746,TURNING
2022-07-11 12:14:11.577000+00:00,-0.07002802072154912,-0.12441715780828877,-0.03778951260889929,2022-07-11 12:14:11.577000+00:00,-0.022588167528481362,0.1759234568616319,0.015802530719055685,TURNING
2022-07-11 12:14:11.578000+00:00,-0.07381002191477892,-0.11911015397721392,-0.026348194085100474,2022-07-11 12:14:11.578000+00:00,-0.0218531666159395,0.17081345458300934,0.020002538860896424,TURNING
2022-07-11 12:14:11.628000+00:00,-0.07515202253424702,-0.11111152711534511,-0.012463066370855258,2022-07-11 12:14:11.628000+00:00,-0.016743157506913686,0.16020843385410144,0.024272546683074214,TURNING
2022-07-11 12:14:11.629000+00:00,-0.07173601929978712,-0.10323871452098432,-0.001749937996966322,2022-07-11 12:14:11.629000+00:00,-0.007608139456890095,0.14862341418527225,0.027877553273047306,TURNING
2022-07-11 12:14:11.629000+00:00,-0.06224670609738481,-0.0979622160912923,0.005909376864421612,2022-07-11 12:14:11.629000+00:00,0.004431883683833293,0.13882338380363857,0.029907555956029785,TURNING
2022-07-11 12:14:11.630000+00:00,-0.057027389340577606,-0.09582340393357391,0.008074877449609774,2022-07-11 12:14:11.630000+00:00,0.01790690966327202,0.13455338451946464,0.029977557343967565,TURNING
2022-07-11 12:14:11.630000+00:00,-0.0499780767119371,-0.09542690057342129,0.006641376580701186,2022-07-11 12:14:11.630000+00:00,0.03099693355875477,0.1345883835058328,0.029627557234681134,TURNING
2022-07-11 12:14:11.630000+00:00,-0.03981776319980079,-0.09445090399070699,0.008837377249036438,2022-07-11 12:14:11.631000+00:00,0.04300633301330614,0.13640838544020317,0.028787554240232494,TURNING
2022-07-11 12:14:11.638000+00:00,-0.026024131176508036,-0.09417640400213356,0.014026190883704936,2022-07-11 12:14:11.638000+00:00,0.0543813553487249,0.13899839239628586,0.02689755091792434,TURNING
2022-07-11 12:14:11.664000+00:00,-0.011041003507969216,-0.09884671470381012,0.022661506316484115,2022-07-11 12:14:11.664000+00:00,0.06575637426894199,0.14165839732510488,0.023677545131206568,TURNING
2022-07-11 12:14:11.664000+00:00,0.0033359383319240266,-0.10675002662156963,0.02964982181782294,2022-07-11 12:14:11.664000+00:00,0.07706139521642275,0.14400339771580395,0.019022536505773235,TURNING
2022-07-11 12:14:11.669000+00:00,0.019081567699259505,-0.12136716468856656,0.03209363328751347,2022-07-11 12:14:11.669000+00:00,0.08749141418308648,0.1458233996501741,0.013527525739691626,TURNING
2022-07-11 12:14:11.679000+00:00,0.03473569643728025,-0.14346059983380366,0.030198821794969577,2022-07-11 12:14:11.678000+00:00,0.09648643372623633,0.147048405155479,0.006247512025608026,TURNING
2022-07-11 12:14:11.700000+00:00,0.04370651202492648,-0.16933986530215117,0.017629005512974638,2022-07-11 12:14:11.699000+00:00,0.10250644380244722,0.15128341911409127,-0.0032768812740668896,TURNING
2022-07-11 12:14:11.701000+00:00,0.04343201203635316,-0.19384280777573504,-0.0035799386172246095,2022-07-11 12:14:11.701000+00:00,0.10261144759195506,0.16111843482128663,-0.01332190071817596,TURNING
2022-07-11 12:14:11.708000+00:00,0.030370385047576054,-0.2041251276984425,-0.028635695002876105,2022-07-11 12:14:11.707000+00:00,0.09480643456774196,0.17959847337754709,-0.02175691598822549,TURNING
2022-07-11 12:14:11.730000+00:00,0.0058674391551261085,-0.18779999105320766,-0.06272326866196343,2022-07-11 12:14:11.729000+00:00,0.07940640243752495,0.20767289253371346,-0.02634192493332166,TURNING
2022-07-11 12:14:11.731000+00:00,-0.029867134055527433,-0.15862673787794723,-0.09150002455505513,2022-07-11 12:14:11.732000+00:00,0.058231359966077534,0.23927796080222818,-0.02609692519834128,TURNING
2022-07-11 12:14:11.752000+00:00,-0.06920452075582895,-0.14147810734497612,-0.08670771048179937,2022-07-11 12:14:11.753000+00:00,0.040276326696549125,0.2585630033665691,-0.019971913040223388,TURNING
2022-07-11 12:14:11.756000+00:00,-0.08857965052078598,-0.12310566259020339,-0.07029108194435196,2022-07-11 12:14:11.754000+00:00,0.03499131582527948,0.2508279814846892,-0.009471893539422127,TURNING
2022-07-11 12:14:11.760000+00:00,-0.08559064996987753,-0.10400122191789085,-0.061991266666439726,2022-07-11 12:14:11.759000+00:00,0.03730132064481184,0.21848792084163682,-0.001666878167257968,TURNING
2022-07-11 12:14:11.777000+00:00,-0.06755370992845966,-0.0938409053667626,-0.045448826900476136,2022-07-11 12:14:11.778000+00:00,0.035971318180402445,0.17581845990252742,0.002257504418929468,TURNING
2022-07-11 12:14:11.781000+00:00,-0.03575744808307679,-0.08944508857567557,-0.014323566884323347,2022-07-11 12:14:11.780000+00:00,0.030751933823774502,0.1448434007102526,0.003237506133702217,TURNING
2022-07-11 12:14:11.800000+00:00,-0.005699689077692693,-0.08792008593783052,0.014819191526026065,2022-07-11 12:14:11.799000+00:00,0.025886924449729065,0.14470340476477994,-0.0015968780600206234,TURNING
2022-07-11 12:14:11.800000+00:00,0.011635753229962242,-0.08721858934368953,0.04143044987292144,2022-07-11 12:14:11.801000+00:00,0.025886924449729065,0.17060344700399388,-0.01223689798874672,TURNING
2022-07-11 12:14:11.806000+00:00,0.014380754635192172,-0.09542690057342129,0.05101126712350412,2022-07-11 12:14:11.805000+00:00,0.03292193928263276,0.20774290416725627,-0.027391926968781788,TURNING
2022-07-11 12:14:11.816000+00:00,-0.0027983757909888496,-0.11117253791811055,0.04121694853114577,2022-07-11 12:14:11.815000+00:00,0.042866333652631816,0.24270797075275952,-0.04279195739139796,TURNING
2022-07-11 12:14:11.838000+00:00,-0.03529994911511847,-0.1289349718929711,0.010915190759957172,2022-07-11 12:14:11.837000+00:00,0.050951348813395025,0.2592279841075642,-0.050736973191486845,TURNING
2022-07-11 12:14:11.840000+00:00,-0.06813320922900534,-0.14343010051040483,-0.004742751533110656,2022-07-11 12:14:11.839000+00:00,0.052631351387091074,0.24354797374720838,-0.047516967404769184,TURNING
2022-07-11 12:14:11.861000+00:00,-0.09023046134815516,-0.15185192523788016,0.008349377438183314,2022-07-11 12:14:11.860000+00:00,0.04822134249663801,0.21152290398146945,-0.0357219435721261,TURNING
2022-07-11 12:14:11.862000+00:00,-0.10365427843876529,-0.15670523187994956,0.04158294952890773,2022-07-11 12:14:11.863000+00:00,0.04293633162536814,0.19065849459004736,-0.017416908485710536,TURNING
2022-07-11 12:14:11.869000+00:00,-0.09697478074280741,-0.14950341655633104,0.07017670644261442,2022-07-11 12:14:11.869000+00:00,0.04248133114177577,0.19832787629647886,0.004882509294129811,TURNING
2022-07-11 12:14:11.883000+00:00,-0.06535770394188867,-0.12719647399133427,0.07869002306230222,2022-07-11 12:14:11.882000+00:00,0.0492013448517612,0.22601293514450127,0.021822542502867304,TURNING
2022-07-11 12:14:11.888000+00:00,-0.044026764037590094,-0.11056252713819825,0.07075620574315988,2022-07-11 12:14:11.887000+00:00,0.060961369698036005,0.2429179646709685,0.026442550434331746,TURNING
2022-07-11 12:14:11.894000+00:00,-0.03612344908083864,-0.1053775327566866,0.06877370717634856,2022-07-11 12:14:11.893000+00:00,0.07212638786964098,0.23374795702638118,0.02549754877317767,TURNING
2022-07-11 12:14:11.908000+00:00,-0.037556947670503216,-0.11056252713819825,0.06306639516717616,2022-07-11 12:14:11.907000+00:00,0.07863639741581263,0.21999291823788703,0.022417542347134223,TURNING
2022-07-11 12:14:11.917000+00:00,-0.038563449654600346,-0.12374616053754661,0.05140776440567274,2022-07-11 12:14:11.917000+00:00,0.07888140398119625,0.2181379173171487,0.02017753891553964,TURNING
2022-07-11 12:14:11.930000+00:00,-0.036062447395049047,-0.1387902891321271,0.041338948863733016,2022-07-11 12:14:11.930000+00:00,0.07289638606095017,0.2296529390132418,0.018882535437498182,TURNING
2022-07-11 12:14:11.936000+00:00,-0.030568633688660363,-0.14797841391848598,0.035570635168771014,2022-07-11 12:14:11.936000+00:00,0.06390137334820367,0.24669796448518166,0.017937533776344106,TURNING
2022-07-11 12:14:11.959000+00:00,-0.02532263306287119,-0.15380391840330876,0.032307134629289136,2022-07-11 12:14:11.958000+00:00,0.055186355941603926,0.2625879960853592,0.016117530134373226,TURNING
2022-07-11 12:14:11.960000+00:00,-0.021933318255881185,-0.1620770513317349,0.03142263297777936,2022-07-11 12:14:11.961000+00:00,0.04881634234090493,0.27413801676782046,0.013177525630405196,TURNING
2022-07-11 12:14:11.968000+00:00,-0.02065231780270671,-0.17037686660964713,0.03132732107266212,2022-07-11 12:14:11.967000+00:00,0.04493133532198246,0.2812430295734605,0.009887519309550008,TURNING
2022-07-11 12:14:11.972000+00:00,-0.020469318823321814,-0.17391486105971843,0.027606321565221803,2022-07-11 12:14:11.972000+00:00,0.04223633140679528,0.2835530446385979,0.007052513472287414,TURNING
2022-07-11 12:14:11.996000+00:00,-0.02065231780270671,-0.16884804699788925,0.019123505788428696,2022-07-11 12:14:11.994000+00:00,0.038106321237690866,0.2790730377754087,0.005617510633571854,TURNING
2022-07-11 12:14:11.996000+00:00,-0.020957318634174937,-0.15499723330171156,0.015002192024907046,2022-07-11 12:14:11.997000+00:00,0.03033193232655007,0.26853801501923713,0.005477510419097165,TURNING
2022-07-11 12:14:12+00:00,-0.018086506000428826,-0.1374482945906429,0.01927600544441499,2022-07-11 12:14:12+00:00,0.020041912720560662,0.2561829903286954,0.006002511436827174,TURNING
2022-07-11 12:14:12.015000+00:00,-0.011590003485115963,-0.12591166112273489,0.0400274506066558,2022-07-11 12:14:12.014000+00:00,0.012341898363052772,0.24431797876892092,0.006107511811133337,TURNING
2022-07-11 12:14:12.025000+00:00,-0.007621189377580384,-0.12014715528470976,0.06306639516717616,2022-07-11 12:14:12.024000+00:00,0.011256896487424228,0.2385429547668838,0.005337510204622475,TURNING
2022-07-11 12:14:12.037000+00:00,-0.005211688886965549,-0.11584284861978711,0.07792752174337969,2022-07-11 12:14:12.036000+00:00,0.015316904414790278,0.24018796176941315,0.005092509615841623,TURNING
2022-07-11 12:14:12.056000+00:00,-0.0033168758749257954,-0.11089803185155322,0.0815608372155443,2022-07-11 12:14:12.054000+00:00,0.020951915395346576,0.24526297872247427,0.005967511596658648,TURNING
2022-07-11 12:14:12.073000+00:00,-0.0004193751460995765,-0.10366571720453588,0.08284183918821464,2022-07-11 12:14:12.073000+00:00,0.02634192493332166,0.24631297563513188,0.00778751523862975,TURNING
2022-07-11 12:14:12.075000+00:00,0.005745439202412994,-0.0988162153804113,0.08421433913108167,2022-07-11 12:14:12.074000+00:00,0.03225693805042806,0.24144795260027996,0.008942516794595567,TURNING
2022-07-11 12:14:12.076000+00:00,0.011818753728843223,-0.09780971339631417,0.07942202505782592,2022-07-11 12:14:12.075000+00:00,0.0386663255107913,0.23437793878100788,0.007472514115711482,TURNING
2022-07-11 12:14:12.122000+00:00,0.015631254245471737,-0.1002802193714587,0.06776720519225155,2022-07-11 12:14:12.122000+00:00,0.044161333715471596,0.2257329295927495,0.004077507847450423,TURNING
2022-07-11 12:14:12.123000+00:00,0.02106406930506277,-0.1015002166193475,0.05040126546056767,2022-07-11 12:14:12.123000+00:00,0.04755634126443331,0.21246790393502257,0.0005731261181369796,TURNING
2022-07-11 12:14:12.123000+00:00,0.025154882225689734,-0.10159171458954397,0.03895994997576091,2022-07-11 12:14:12.123000+00:00,0.04825634148300617,0.19297286745247266,-0.0029968806316674756,TURNING
2022-07-11 12:14:12.124000+00:00,0.026222382856584403,-0.10232372266305167,0.03590613684313415,2022-07-11 12:14:12.123000+00:00,0.04748633987649531,0.17273845347648398,-0.007021888505414853,TURNING
2022-07-11 12:14:12.129000+00:00,0.029180884084093917,-0.10363521788113705,0.030839322781304856,2022-07-11 12:14:12.124000+00:00,0.046611337895678506,0.15842343090609945,-0.010731895469693997,TURNING
2022-07-11 12:14:12.130000+00:00,0.03446119644870693,-0.1033302124911808,0.019764005255268113,2022-07-11 12:14:12.130000+00:00,0.04493133532198246,0.14655840568551848,-0.014686903876554358,TURNING
2022-07-11 12:14:12.148000+00:00,0.03311919582923872,-0.10751253401847605,0.014209191382585695,2022-07-11 12:14:12.148000+00:00,0.041256329051672314,0.13546338548664982,-0.01927191111404969,TURNING
2022-07-11 12:14:12.149000+00:00,0.028113383453199248,-0.11504984189948186,0.008959377581623684,2022-07-11 12:14:12.148000+00:00,0.036006320581972284,0.12678336365121656,-0.022351917540093136,TURNING
2022-07-11 12:14:12.157000+00:00,0.021399569459929824,-0.12301416462000692,0.00731237689043529,2022-07-11 12:14:12.157000+00:00,0.029456930345733046,0.11964335185920838,-0.023086918452634997,TURNING
2022-07-11 12:14:12.177000+00:00,0.013252253838003769,-0.1300329718472646,0.009508377558770542,2022-07-11 12:14:12.177000+00:00,0.0224219172204303,0.11418334605609792,-0.020916914701377465,TURNING
2022-07-11 12:14:12.178000+00:00,0.006507939761587478,-0.13387978866120487,0.014544691537452747,2022-07-11 12:14:12.178000+00:00,0.016576907198862623,0.10910833593344016,-0.015351905108759167,TURNING
2022-07-11 12:14:12.189000+00:00,0.008002440037041758,-0.12762347667488572,0.021533007038791574,2022-07-11 12:14:12.188000+00:00,0.012936899914920419,0.10389332303490662,-0.009646893594065342,TURNING
2022-07-11 12:14:12.210000+00:00,0.0032101259637860036,-0.12270915923005077,0.021655005851882958,2022-07-11 12:14:12.209000+00:00,0.010136894771626936,0.1004283140980069,-0.009366893165115964,TURNING
2022-07-11 12:14:12.211000+00:00,-0.0012428753492409461,-0.11843535188852683,0.021533007038791574,2022-07-11 12:14:12.212000+00:00,0.007126888452820834,0.09437330503542785,-0.009471893539422127,TURNING
2022-07-11 12:14:12.224000+00:00,-0.002035875611688276,-0.11434834530534088,0.024312320182845237,2022-07-11 12:14:12.223000+00:00,0.003976882773340407,0.08691828870529972,-0.00901689220202917,TURNING
2022-07-11 12:14:12.226000+00:00,-0.0027068757314853142,-0.11535484728943801,0.028277321874955907,2022-07-11 12:14:12.227000+00:00,0.0017368782744953126,0.08051327611823256,-0.009086892736166696,TURNING
2022-07-11 12:14:12.247000+00:00,-0.003743876279233227,-0.11975066408052504,0.031235823102465643,2022-07-11 12:14:12.248000+00:00,0.001141877149527959,0.07662827251451176,-0.008981892361860533,TURNING
2022-07-11 12:14:12.249000+00:00,-0.0021273756711918113,-0.12100116065181277,0.030168322471570752,2022-07-11 12:14:12.249000+00:00,0.0018418784353513296,0.0755782687714508,-0.008526891024467576,TURNING
2022-07-11 12:14:12.256000+00:00,-0.0019138754690379844,-0.12243466531946123,0.025623819959418537,2022-07-11 12:14:12.255000+00:00,0.0033818814349229065,0.07501827132875394,-0.008911891827723006,TURNING
2022-07-11 12:14:12.279000+00:00,-0.004784688862532027,-0.12728797196153074,0.02006900608673634,2022-07-11 12:14:12.278000+00:00,0.00537688534498737,0.07330326635348805,-0.009646893594065342,TURNING
2022-07-11 12:14:12.280000+00:00,-0.008597189759034674,-0.13336128800745695,0.015612192168347416,2022-07-11 12:14:12.280000+00:00,0.007126888452820834,0.0706782604110372,-0.009716893274402394,TURNING
2022-07-11 12:14:12.286000+00:00,-0.010091690794236885,-0.13702129190709145,0.012379190952264585,2022-07-11 12:14:12.285000+00:00,0.008316891129655835,0.06847325596581078,-0.009191892256672385,TURNING
2022-07-11 12:14:12.308000+00:00,-0.008444690103048602,-0.13653329057674235,0.009569377725064054,2022-07-11 12:14:12.306000+00:00,0.009821893648708446,0.06584825002335992,-0.008526891024467576,TURNING
2022-07-11 12:14:12.308000+00:00,-0.005608189208126224,-0.13073448059737347,0.008166377699050376,2022-07-11 12:14:12.309000+00:00,0.012131898468241031,0.06147324011927524,-0.008246890595518308,TURNING
2022-07-11 12:14:12.327000+00:00,-0.0033473759580726625,-0.12124515523900337,0.007251377483889598,2022-07-11 12:14:12.326000+00:00,0.014371902753636201,0.05695823426971791,-0.008141890221212145,TURNING
2022-07-11 12:14:12.329000+00:00,-0.0010293753370241854,-0.11978116340392386,0.009325377819637604,2022-07-11 12:14:12.328000+00:00,0.015456903775464381,0.0537732274693683,-0.008316891129655835,TURNING
2022-07-11 12:14:12.333000+00:00,-0.0001753750507359486,-0.12664747401418752,0.014971691182012359,2022-07-11 12:14:12.333000+00:00,0.017276907417435483,0.05016822258699616,-0.009261892790809911,TURNING
2022-07-11 12:14:12.349000+00:00,0.002539125654051899,-0.14092910736782938,0.02040450624160317,2022-07-11 12:14:12.348000+00:00,0.020216914482804604,0.04600321343152358,-0.010661895789356945,TURNING
2022-07-11 12:14:12.368000+00:00,0.005897939238272976,-0.16299204318966765,0.024678319661111114,2022-07-11 12:14:12.367000+00:00,0.0240319218213898,0.04036820245096728,-0.01262189879200215,TURNING
2022-07-11 12:14:12.369000+00:00,0.009496940312495816,-0.18462798848392226,0.025288319804551485,2022-07-11 12:14:12.369000+00:00,0.02830192964356759,0.034168815739216374,-0.014931903611534736,TURNING
2022-07-11 12:14:12.388000+00:00,0.011208753585402631,-0.1982691238902209,0.019550505432988308,2022-07-11 12:14:12.387000+00:00,0.03145193404234736,0.031333809048153194,-0.017381907791741535,TURNING
2022-07-11 12:14:12.389000+00:00,0.010629252765361086,-0.19027049702835208,0.007769877377889589,2022-07-11 12:14:12.389000+00:00,0.03204693730181596,0.03294381364911292,-0.018501911215139666,TURNING
2022-07-11 12:14:12.406000+00:00,0.009313940573362878,-0.16067022901357242,-0.007274251976438828,2022-07-11 12:14:12.405000+00:00,0.029491932747302885,0.036688821307361064,-0.01787190896930313,TURNING
2022-07-11 12:14:12.407000+00:00,0.009435940146202304,-0.13348328530105225,-0.022867381307914103,2022-07-11 12:14:12.407000+00:00,0.02399692112742091,0.03759882227454625,-0.016541906504893622,TURNING
2022-07-11 12:14:12.411000+00:00,0.009954440799950115,-0.11346384061483916,-0.029947196298945378,2022-07-11 12:14:12.411000+00:00,0.01689190661417994,0.02916380700449661,-0.014966904305503737,TURNING
2022-07-11 12:14:12.428000+00:00,0.007544939549587459,-0.10238472130984932,-0.023385881961662025,2022-07-11 12:14:12.427000+00:00,0.010136894771626936,0.013378775778625007,-0.013531900612987702,TURNING
2022-07-11 12:14:12.430000+00:00,0.002783125749415527,-0.09866371876341717,-0.008921252667627111,2022-07-11 12:14:12.430000+00:00,0.0052718849706812065,-0.0009712518614556354,-0.011606897450511022,TURNING
2022-07-11 12:14:12.440000+00:00,0.0015631254625345647,-0.10021921464667705,0.004262376173233218,2022-07-11 12:14:12.439000+00:00,0.003101881005973528,-0.010526270448178332,-0.009156892416503748,TURNING
2022-07-11 12:14:12.460000+00:00,0.0029051258920655965,-0.10754303334187487,0.01445319204776041,2022-07-11 12:14:12.458000+00:00,0.003311881327685562,-0.016931282181445018,-0.007651889897451025,TURNING
2022-07-11 12:14:12.463000+00:00,0.0036104387003714766,-0.11914066545658053,0.02067900623017671,2022-07-11 12:14:12.462000+00:00,0.004641884005545105,-0.02057128946538711,-0.007476888989007446,TURNING
2022-07-11 12:14:12.469000+00:00,0.00031262509250695736,-0.12866047798238167,0.022692007159378802,2022-07-11 12:14:12.470000+00:00,0.0060068863101232495,-0.021796291555490455,-0.008071890540875093,TURNING
2022-07-11 12:14:12.481000+00:00,-0.0019748756353316077,-0.13256447646920677,0.022722506482777627,2022-07-11 12:14:12.482000+00:00,0.006741888076465585,-0.021446291446204024,-0.008561891718436576,TURNING
2022-07-11 12:14:12.494000+00:00,-0.003900188730518228,-0.1307649799207723,0.021319505697015906,2022-07-11 12:14:12.493000+00:00,0.0072318892540270685,-0.020361288716774895,-0.009856893488877083,TURNING
2022-07-11 12:14:12.504000+00:00,-0.010793190427369814,-0.12612515638652666,0.017873004658653047,2022-07-11 12:14:12.505000+00:00,0.007196888560058179,-0.01766628309398688,-0.012026898093934979,TURNING
2022-07-11 12:14:12.511000+00:00,-0.022451818909629107,-0.12417316322109806,0.013873691227718643,2022-07-11 12:14:12.511000+00:00,0.0056218859337680005,-0.012416273770486375,-0.01293689991492053,TURNING
2022-07-11 12:14:12.533000+00:00,-0.032307134629289136,-0.12466116455144727,0.0102136903670762,2022-07-11 12:14:12.532000+00:00,0.0023668794530813386,-0.005276260270877353,-0.011326897021561644,TURNING
2022-07-11 12:14:12.534000+00:00,-0.03877694795738407,-0.12508816723499872,0.007434377223022537,2022-07-11 12:14:12.551000+00:00,-0.0016931282608345644,0.0015837530132323252,-0.007686889737619662,TURNING
2022-07-11 12:14:12.552000+00:00,-0.041037763486681644,-0.12469166387484609,0.005360376507400844,2022-07-11 12:14:12.551000+00:00,-0.005823136081987812,0.005713760834385573,-0.003101881005973639,WALKING
2022-07-11 12:14:12.553000+00:00,-0.038837949643173664,-0.12362416324395131,0.007891876950729015,2022-07-11 12:14:12.553000+00:00,-0.009848143742285043,0.005888761315929081,0.0012775024907065724,WALKING
2022-07-11 12:14:12.594000+00:00,-0.03203263464071582,-0.12243466531946123,0.015703691658039975,2022-07-11 12:14:12.594000+00:00,-0.01261314904541011,0.0036487570305341332,0.0046025088651804325,WALKING
2022-07-11 12:14:12.595000+00:00,-0.020957318634174937,-0.12100116065181277,0.02321050629363075,2022-07-11 12:14:12.595000+00:00,-0.013243150437446394,0.002283754299055918,0.0065625127216260015,WALKING
2022-07-11 12:14:12.595000+00:00,-0.010091690794236885,-0.11935416072037242,0.024186507434833082,2022-07-11 12:14:12.595000+00:00,-0.012193148401986154,0.003823757512077419,0.006912513257812725,WALKING
2022-07-11 12:14:12.596000+00:00,-0.0030118758032056103,-0.11837435324172918,0.020923006895351204,2022-07-11 12:14:12.596000+00:00,-0.010478145134321215,0.005608760886979702,0.005652510900640673,WALKING
2022-07-11 12:14:12.596000+00:00,0.0014106254266745832,-0.11932366139697359,0.017873004658653047,2022-07-11 12:14:12.596000+00:00,-0.009323142724554923,0.00641376233365909,0.0037275073112637003,WALKING
2022-07-11 12:14:12.605000+00:00,0.0031796258806391364,-0.12139766401196539,0.01778150516896071,2022-07-11 12:14:12.605000+00:00,-0.009288142884386397,0.00746376436911933,0.0017325032944741636,WALKING
2022-07-11 12:14:12.657000+00:00,0.0035799386172246095,-0.12310566259020339,0.020008005920442606,2022-07-11 12:14:12.657000+00:00,-0.009498142779198249,0.009213767476952794,0.00032812563608120016,WALKING
2022-07-11 12:14:12.657000+00:00,0.002722125773058748,-0.1244476571316876,0.02086200672905747,2022-07-11 12:14:12.657000+00:00,-0.008798141706824913,0.011068770959092422,-0.0008268765602348349,WALKING
2022-07-11 12:14:12.657000+00:00,-0.00026687508649725356,-0.12508816723499872,0.01915400511182752,2022-07-11 12:14:12.657000+00:00,-0.007398139562078243,0.011628772670791543,-0.0016318781136392957,WALKING
2022-07-11 12:14:12.658000+00:00,-0.003713376196086471,-0.1257896638291396,0.016069692655801715,2022-07-11 12:14:12.658000+00:00,-0.006103136510937079,0.010053769617601294,-0.0019818788632760542,WALKING
2022-07-11 12:14:12.658000+00:00,-0.0063096892211330635,-0.1257896638291396,0.012806190596823974,2022-07-11 12:14:12.658000+00:00,-0.005473135545801089,0.007533764049456382,-0.0017718784348390582,WALKING
2022-07-11 12:14:12.664000+00:00,-0.008780190257915654,-0.12533216182218931,0.00889837741532995,2022-07-11 12:14:12.664000+00:00,-0.005473135545801089,0.005923761156097607,-0.0013868776315836273,WALKING
2022-07-11 12:14:12.675000+00:00,-0.010671190854530499,-0.12478316184504257,0.004201376386813616,2022-07-11 12:14:12.676000+00:00,-0.006593137688498674,0.005608760886979702,-0.0008968766674721795,WALKING
2022-07-11 12:14:12.698000+00:00,-0.01152900331882234,-0.12478316184504257,-0.0002554375790593255,2022-07-11 12:14:12.697000+00:00,-0.00883314154699344,0.005818761208691736,-0.0004768759173231496,WALKING
2022-07-11 12:14:12.699000+00:00,-0.012627004032863876,-0.12524066385199284,-0.0015059379016028052,2022-07-11 12:14:12.699000+00:00,-0.011948147813205412,0.006273762119184623,-0.00023187543526748122,WALKING
2022-07-11 12:14:12.705000+00:00,-0.013664003820863857,-0.12548465843918344,-0.0004384376505820464,2022-07-11 12:14:12.704000+00:00,-0.015168153599923073,0.007183763940169952,-5.68751071412521e-05,WALKING
2022-07-11 12:14:12.713000+00:00,-0.014121504308318156,-0.12575916450574076,0.0010255628266309103,2022-07-11 12:14:12.712000+00:00,-0.017688159168067763,0.008548766244748096,8.312516069586273e-05,WALKING
2022-07-11 12:14:12.738000+00:00,-0.014670504285464903,-0.12658647536738987,0.0017270629346062272,2022-07-11 12:14:12.737000+00:00,-0.019613163184344917,0.00994876924329513,0.00032812563608120016,WALKING
2022-07-11 12:14:12.739000+00:00,-0.015128004772919201,-0.12817247665203246,0.0017270629346062272,2022-07-11 12:14:12.739000+00:00,-0.021223166077703803,0.01152377229648538,0.0006475012587578988,WALKING
2022-07-11 12:14:12.745000+00:00,-0.015890504572345754,-0.12951447119351667,0.0005680626715662829,2022-07-11 12:14:12.745000+00:00,-0.022693167902787525,0.013938776636523542,0.0010675020622694653,WALKING
2022-07-11 12:14:12.765000+00:00,-0.01793400482494678,-0.13058197182441145,-0.0026954382952738554,2022-07-11 12:14:12.763000+00:00,-0.024198172129441087,0.017123783436873152,0.0017325032944741636,WALKING
2022-07-11 12:14:12.766000+00:00,-0.02007281850216114,-0.13030747791382202,-0.008463752180172812,2022-07-11 12:14:12.766000+00:00,-0.026368175880698508,0.020343789223590703,0.003027505811990183,WALKING
2022-07-11 12:14:12.779000+00:00,-0.022207819763950587,-0.12960598131968104,-0.015635066660896646,2022-07-11 12:14:12.778000+00:00,-0.029938183484303438,0.022828794097766503,0.005197509990147786,WALKING
2022-07-11 12:14:12.787000+00:00,-0.023915819861684562,-0.12896547121636992,-0.02167788186392805,2022-07-11 12:14:12.787000+00:00,-0.03518819195400347,0.023983796507532906,0.008452516470834448,WALKING
2022-07-11 12:14:12.806000+00:00,-0.025135820148565413,-0.12716597466793544,-0.025429382214263052,2022-07-11 12:14:12.804000+00:00,-0.04190820566398901,0.024053796187869958,0.012792524827149876,WALKING
2022-07-11 12:14:12.807000+00:00,-0.026878133504618984,-0.12466116455144727,-0.027110695404023,2022-07-11 12:14:12.807000+00:00,-0.04950322135479135,0.02338879495566526,0.01769253404136384,WALKING
2022-07-11 12:14:12.812000+00:00,-0.029928132702325194,-0.12237366667266358,-0.029215197342413735,2022-07-11 12:14:12.811000+00:00,-0.057413234753310394,0.02202379179728675,0.023222544647613974,WALKING
2022-07-11 12:14:12.829000+00:00,-0.03411044815163644,-0.12011665596131094,-0.034983511037375736,2022-07-11 12:14:12.828000+00:00,-0.06521824777752339,0.019713786977754166,0.029977557343967565,WALKING
2022-07-11 12:14:12.831000+00:00,-0.040732761135717444,-0.11861834782891978,-0.04950913897820819,2022-07-11 12:14:12.831000+00:00,-0.07372326785071248,0.014953777978014893,0.038412572614017204,WALKING
2022-07-11 12:14:12.840000+00:00,-0.048300577457097926,-0.11666634250752328,-0.05634495330406497,2022-07-11 12:14:12.840000+00:00,-0.08432828857962038,0.00641376233365909,0.049122593717231045,WALKING
2022-07-11 12:14:12.850000+00:00,-0.052204575943923026,-0.1166968418309221,-0.047004325822728066,2022-07-11 12:14:12.849000+00:00,-0.09423330225955207,-0.0023012544325902162,0.06186262091862904,WALKING
2022-07-11 12:14:12.861000+00:00,-0.05308908063442486,-0.12805047935843716,-0.034038010739068314,2022-07-11 12:14:12.860000+00:00,-0.0987833139258808,-0.006326262306337593,0.07449764433051942,WALKING
2022-07-11 12:14:12.870000+00:00,-0.042745762064919646,-0.14687660914624745,-0.022775881818221655,2022-07-11 12:14:12.870000+00:00,-0.09773331018281983,-0.003841257432161793,0.08457765977269505,WALKING
2022-07-11 12:14:12.880000+00:00,-0.01863931839300048,-0.16982786663250027,0.0002935625880244874,2022-07-11 12:14:12.879000+00:00,-0.09346330406824288,0.00924876731712132,0.0878676669473506,WALKING
2022-07-11 12:14:12.890000+00:00,0.004860939070399084,-0.1854209952042275,0.01613069282209545,2022-07-11 12:14:12.889000+00:00,-0.08744329399203188,0.037458822913871925,0.08174265308163209,WALKING
2022-07-11 12:14:12.900000+00:00,0.017953068421566964,-0.18767799375961236,0.012257191379425159,2022-07-11 12:14:12.899000+00:00,-0.08044327814549634,0.06276824359731648,0.06980763671871792,WALKING
2022-07-11 12:14:12.909000+00:00,0.023626068691915636,-0.17348785837616687,0.008440877687623694,2022-07-11 12:14:12.908000+00:00,-0.07540326700920685,0.07253326133177573,0.05633260689717723,WALKING
2022-07-11 12:14:12.919000+00:00,0.01316075434831121,-0.1549362346549139,0.012440191118558097,2022-07-11 12:14:12.920000+00:00,-0.07197326388907865,0.06927825997389148,0.044152583968879666,WALKING
2022-07-11 12:14:12.932000+00:00,-0.015951504738639377,-0.14303360930622,0.008318877355036447,2022-07-11 12:14:12.933000+00:00,-0.06539324953976744,0.060598238138458216,0.037327569884588074,WALKING
2022-07-11 12:14:12.938000+00:00,-0.04457576401473695,-0.13750929323744054,-0.005779751700984548,2022-07-11 12:14:12.936000+00:00,-0.05545323004306435,0.042573206896193705,0.03778257378338212,WALKING
2022-07-11 12:14:12.947000+00:00,-0.06465620734774769,-0.1318629798750658,-0.0015974379611062295,2022-07-11 12:14:12.946000+00:00,-0.04306320636615446,0.015443779155576376,0.04436258471749177,WALKING
2022-07-11 12:14:12.960000+00:00,-0.06746220588027929,-0.12713547534453662,0.0010865628029874674,2022-07-11 12:14:12.960000+00:00,-0.029098180489854686,-0.00289625555755757,0.055107604807073995,WALKING
2022-07-11 12:14:12.968000+00:00,-0.053333075221615456,-0.11904915533041627,-0.0009264377463407136,2022-07-11 12:14:12.967000+00:00,-0.01653315675830158,-0.009266267664105876,0.0649076215279012,WALKING
2022-07-11 12:14:12.979000+00:00,-0.03822794798023732,-0.11159952844569421,-0.0030919384264974648,2022-07-11 12:14:12.979000+00:00,-0.006943138224685286,-0.0052062601636401196,0.06900263271063745,WALKING
2022-07-11 12:14:12.989000+00:00,-0.028281132770884843,-0.10492003074973633,-0.007945252286172932,2022-07-11 12:14:12.988000+00:00,-0.00025812550216275376,0.006693762762608468,0.06802262694031258,WALKING
2022-07-11 12:14:12.997000+00:00,-0.022634819408510087,-0.10134772000235337,-0.013957565886561496,2022-07-11 12:14:12.997000+00:00,0.003766882024728302,0.019783788365692168,0.0646626217929207,WALKING
2022-07-11 12:14:13.011000+00:00,-0.018791818048986553,-0.09829771472666338,-0.017770067922686095,2022-07-11 12:14:13.010000+00:00,0.005901886362717379,0.028778804493640342,0.06032261770560754,WALKING
2022-07-11 12:14:13.021000+00:00,-0.017995004991240404,-0.09618940189234382,-0.018349567223231666,2022-07-11 12:14:13.020000+00:00,0.0074418891488388095,0.033538813493379616,0.05507260582070583,WALKING
2022-07-11 12:14:13.038000+00:00,-0.017659504836373352,-0.0960369052753497,-0.019268380613565173,2022-07-11 12:14:13.037000+00:00,0.008841892147385844,0.036723820293729226,0.049787594949435965,WALKING
2022-07-11 12:14:13.039000+00:00,-0.016531005558681033,-0.09728740184663742,-0.0217693813536205,2022-07-11 12:14:13.039000+00:00,0.010101894077657825,0.03973382533183467,0.04460758445247204,WALKING
2022-07-11 12:14:13.089000+00:00,-0.013633504497465032,-0.09814521810966925,-0.02595169376393991,2022-07-11 12:14:13.088000+00:00,0.011046895738811902,0.04246820652188754,0.039497575343446334,WALKING
2022-07-11 12:14:13.089000+00:00,-0.009908690295356015,-0.0985722147152367,-0.029855695289756956,2022-07-11 12:14:13.089000+00:00,0.01136189686173017,0.04516321043707472,0.03431756484648263,WALKING
2022-07-11 12:14:13.090000+00:00,-0.005821689030405919,-0.09835871337346103,-0.033550009408719106,2022-07-11 12:14:13.089000+00:00,0.011046895738811902,0.0472632145079952,0.02910255536315076,WALKING
2022-07-11 12:14:13.090000+00:00,-0.0035608761602263783,-0.09902971672218708,-0.036386510303641484,2022-07-11 12:14:13.090000+00:00,0.009996893703351661,0.048943217081691026,0.02378254550551273,WALKING
2022-07-11 12:14:13.091000+00:00,-0.0035913762433731344,-0.10009721735308175,-0.037881010579095764,2022-07-11 12:14:13.090000+00:00,0.008176890915181145,0.05153322403777372,0.018672536396486805,WALKING
2022-07-11 12:14:13.099000+00:00,-0.005638689291273091,-0.10119521730737535,-0.038613012574619354,2022-07-11 12:14:13.092000+00:00,0.005901886362717379,0.05433322832726706,0.014087526597590383,WALKING
2022-07-11 12:14:13.132000+00:00,-0.009115690412782596,-0.1025982165736411,-0.038399511232843686,2022-07-11 12:14:13.131000+00:00,0.0034868815957789234,0.05562823180530829,0.010097519204361749,WALKING
2022-07-11 12:14:13.132000+00:00,-0.014701003608863727,-0.10387921246832765,-0.03550201169112366,2022-07-11 12:14:13.132000+00:00,0.0015268779527832788,0.054963230573103594,0.006737512776269217,WALKING
2022-07-11 12:14:13.132000+00:00,-0.019645818857601638,-0.1046722191886329,-0.03327550942014579,2022-07-11 12:14:13.132000+00:00,0.0006518762387790478,0.05307322725079544,0.004077507847450423,WALKING
2022-07-11 12:14:13.133000+00:00,-0.023061819053069588,-0.10421471718168263,-0.033611011094508814,2022-07-11 12:14:13.133000+00:00,0.0005118759709419329,0.051708222384816205,0.0020125038301486153,WALKING
2022-07-11 12:14:13.141000+00:00,-0.02532263306287119,-0.10433671447527793,-0.03473951037220113,2022-07-11 12:14:13.141000+00:00,0.0005118759709419329,0.051008222166243344,0.00029312555578142607,WALKING
2022-07-11 12:14:13.152000+00:00,-0.02840313310347209,-0.1043062151518791,-0.03434301005104046,2022-07-11 12:14:13.152000+00:00,0.0006168761851603755,0.05090322179193718,-0.0013168775243462827,WALKING
2022-07-11 12:14:13.163000+00:00,-0.031453135340170135,-0.10464171986523407,-0.032631197537881684,2022-07-11 12:14:13.162000+00:00,0.0012818774707277214,0.05072822344489469,-0.002786880309955553,WALKING
2022-07-11 12:14:13.173000+00:00,-0.03343944784190245,-0.10668902797477198,-0.031136697262427404,2022-07-11 12:14:13.172000+00:00,0.0026468800954808636,0.050378219920406586,-0.004046882880577751,WALKING
2022-07-11 12:14:13.181000+00:00,-0.034842447108168195,-0.10937302921370828,-0.03122819523262388,2022-07-11 12:14:13.181000+00:00,0.004046882880577751,0.050378219920406586,-0.005096884916037991,WALKING
2022-07-11 12:14:13.196000+00:00,-0.035848949092265214,-0.11312834805745198,-0.03229569586351866,2022-07-11 12:14:13.195000+00:00,0.004676883845713853,0.051008222166243344,-0.00576188614824269,WALKING
2022-07-11 12:14:13.204000+00:00,-0.03722144903513225,-0.1164528472437315,-0.03440400869783811,2022-07-11 12:14:13.204000+00:00,0.00432688330952713,0.05230322564428458,-0.005901886362717379,WALKING
2022-07-11 12:14:13.209000+00:00,-0.039756761514011196,-0.11843535188852683,-0.03650851063622873,2022-07-11 12:14:13.209000+00:00,0.0030318808987361834,0.052443225004958904,-0.005481885292393129,WALKING
2022-07-11 12:14:13.233000+00:00,-0.04436226267296117,-0.12045216067466591,-0.03687451163399058,2022-07-11 12:14:13.235000+00:00,0.0016318781136392957,0.05048322029471275,-0.004466883524001819,WALKING
2022-07-11 12:14:13.236000+00:00,-0.0504660780422862,-0.12112315794540807,-0.03629500929445306,2022-07-11 12:14:13.236000+00:00,0.0014218776852021886,0.04579321268291148,-0.002401879506700122,WALKING
2022-07-11 12:14:13.241000+00:00,-0.05501439145036746,-0.12060465729166003,-0.03553251101452248,2022-07-11 12:14:13.239000+00:00,0.002681880149099536,0.038158823132444786,0.0009275017410697028,WALKING
2022-07-11 12:14:13.255000+00:00,-0.05660039273501016,-0.12008615663791211,-0.036325511656843834,2022-07-11 12:14:13.256000+00:00,0.004886884167425665,0.029198805990864773,0.0051275098829104415,WALKING
2022-07-11 12:14:13.265000+00:00,-0.05522789279214313,-0.11932366139697359,-0.03678301062480216,2022-07-11 12:14:13.264000+00:00,0.007756889417956714,0.020378788209958865,0.009607518026800266,WALKING
2022-07-11 12:14:13.268000+00:00,-0.053272076574817806,-0.11962865463096184,-0.03879601155400436,2022-07-11 12:14:13.268000+00:00,0.01097689605847485,0.012503773797807982,0.013527525739691626,WALKING
2022-07-11 12:14:13.288000+00:00,-0.05186907730855206,-0.12017765460810859,-0.04310032429691102,2022-07-11 12:14:13.287000+00:00,0.01360190114712534,0.007113763406032536,0.01660753131193471,WALKING
2022-07-11 12:14:13.296000+00:00,-0.052570579980676824,-0.12017765460810859,-0.04923463898963487,2022-07-11 12:14:13.297000+00:00,0.014721902862922631,0.00602876153040377,0.01874253607682408,WALKING
2022-07-11 12:14:13.305000+00:00,-0.052570579980676824,-0.11867934647571743,-0.0566194532926384,2022-07-11 12:14:13.304000+00:00,0.013671900827462391,0.008338766349936355,0.02017753891553964,WALKING
2022-07-11 12:14:13.316000+00:00,-0.051350576654804025,-0.11861834782891978,-0.05591795669849753,2022-07-11 12:14:13.315000+00:00,0.01083689584400016,0.011068770959092422,0.020982539508418663,WALKING
2022-07-11 12:14:13.323000+00:00,-0.04952057774397878,-0.12026916473427296,-0.04844163834731352,2022-07-11 12:14:13.324000+00:00,0.009681893434233979,0.013343775938456481,0.021017540202387552,WALKING
2022-07-11 12:14:13.331000+00:00,-0.044667261984933426,-0.12090966268161629,-0.04255132431976416,2022-07-11 12:14:13.332000+00:00,0.010626895095388056,0.014148777385135869,0.0202125379019078,WALKING
2022-07-11 12:14:13.342000+00:00,-0.03667244905798539,-0.12380715918434426,-0.033763510750494885,2022-07-11 12:14:13.342000+00:00,0.01276189900647684,0.009633768120376862,0.018217534205293484,WALKING
2022-07-11 12:14:13.348000+00:00,-0.02748813212856349,-0.12975847793667517,-0.02481938207082257,2022-07-11 12:14:13.347000+00:00,0.016786907947474727,0.0010587519955023161,0.014297527346202488,WALKING
2022-07-11 12:14:13.366000+00:00,-0.01830381823813343,-0.13900379655188677,-0.019420880269551244,2022-07-11 12:14:13.365000+00:00,0.021651915613919437,-0.008076265414171058,0.008802516580120878,WALKING
2022-07-11 12:14:13.374000+00:00,-0.010091690794236885,-0.1511809158111702,-0.017007568123259542,2022-07-11 12:14:13.373000+00:00,0.025536924340442635,-0.015321279288086243,0.0025375048478786244,WALKING
2022-07-11 12:14:13.377000+00:00,-0.002645875755128757,-0.16470005392387355,-0.022135380831886375,2022-07-11 12:14:13.377000+00:00,0.026656926056239927,-0.021936292623765508,-0.0029618805780488033,WALKING
2022-07-11 12:14:13.389000+00:00,0.0009531253190941946,-0.17589736570451375,-0.03244819551950473,2022-07-11 12:14:13.388000+00:00,0.02287691941162362,-0.025996299697331193,-0.006461887220616025,WALKING
2022-07-11 12:14:13.397000+00:00,-0.0010903753133808536,-0.17693817182995453,-0.04145332436547067,2022-07-11 12:14:13.396000+00:00,0.013566901306956591,-0.021831292249459455,-0.0069168881311088,WALKING
2022-07-11 12:14:13.407000+00:00,-0.004723689076112425,-0.16253455333868516,-0.044228826613595285,2022-07-11 12:14:13.406000+00:00,0.0030318808987361834,-0.011856272912587729,-0.0040118826135090435,WALKING
2022-07-11 12:14:13.419000+00:00,-0.007560189971034803,-0.13662478854693882,-0.030709697617867904,2022-07-11 12:14:13.418000+00:00,-0.002288129385801918,-0.0065012623609808085,-0.0005468760245604942,WALKING
2022-07-11 12:14:13.429000+00:00,-0.005181189183692703,-0.11346384061483916,-0.010598753441962261,2022-07-11 12:14:13.428000+00:00,0.0008618766672161549,-0.009826268522004522,0.0004331258236185409,WALKING
2022-07-11 12:14:13.441000+00:00,0.002142625712765245,-0.0999142153347049,0.001696563041396315,2022-07-11 12:14:13.440000+00:00,0.010941896218306324,-0.02162129150084724,-0.0013868776315836273,WALKING
2022-07-11 12:14:13.449000+00:00,0.011208753585402631,-0.09399340198375672,-0.0015059379016028052,2022-07-11 12:14:13.448000+00:00,0.022701917649379455,-0.03940132471573232,-0.005411885185155785,WALKING
2022-07-11 12:14:13.462000+00:00,0.020210068496447686,-0.09079090009107249,-0.003213938379210801,2022-07-11 12:14:13.461000+00:00,0.03033193232655007,-0.058756365252809584,-0.01227189868271572,WALKING
2022-07-11 12:14:13.470000+00:00,0.021277569127342577,-0.09051640010249917,0.010152690200782466,2022-07-11 12:14:13.469000+00:00,0.03474631609029899,-0.07681639548144237,-0.022701917649379566,WALKING
2022-07-11 12:14:13.478000+00:00,0.015753254578058984,-0.09692140388786752,0.025837321301194205,2022-07-11 12:14:13.477000+00:00,0.038736323483527624,-0.0887164196883915,-0.03344693773896168,WALKING
2022-07-11 12:14:13.487000+00:00,0.009313940573362878,-0.10617052732102406,0.04078994888658638,2022-07-11 12:14:13.486000+00:00,0.041676330548896745,-0.09060642642590133,-0.04163695327403083,WALKING
2022-07-11 12:14:13.496000+00:00,0.005623439249699658,-0.11572085132619181,0.05385157587536349,2022-07-11 12:14:13.494000+00:00,0.04318133136034863,-0.08094640565054678,-0.047481965003199345,WALKING
2022-07-11 12:14:13.509000+00:00,0.00498293902311242,-0.1262509706540348,0.05989058170196193,2022-07-11 12:14:13.508000+00:00,0.044476334838389864,-0.062186368372937784,-0.0518219725057143,WALKING
2022-07-11 12:14:13.523000+00:00,0.002264625665478359,-0.13808879253798623,0.06114489524716249,2022-07-11 12:14:13.522000+00:00,0.04748633987649531,-0.04286633365263193,-0.055321980428982065,WALKING
2022-07-11 12:14:13.524000+00:00,-0.005089688934252212,-0.14709010441003922,0.05684057642627183,2022-07-11 12:14:13.524000+00:00,0.05312135085705161,-0.025471299533401437,-0.05749198247263876,WALKING
2022-07-11 12:14:13.571000+00:00,-0.019920318846174956,-0.15002191721007896,0.044114451111857855,2022-07-11 12:14:13.571000+00:00,0.06026136264905979,-0.00958126793322378,-0.057526988289410164,WALKING
2022-07-11 12:14:13.571000+00:00,-0.03716044734934254,-0.1460836024259422,0.012440191118558097,2022-07-11 12:14:13.571000+00:00,0.06603637299029042,-0.0013212525043673207,-0.053536977480980075,WALKING
2022-07-11 12:14:13.572000+00:00,-0.050923577010244525,-0.13641129328314705,-0.009927753132228267,2022-07-11 12:14:13.572000+00:00,0.06649138030428636,-0.006116261557725378,-0.04615196253878984,WALKING
2022-07-11 12:14:13.572000+00:00,-0.058369389960045814,-0.1256981658589431,-0.01261556602684133,2022-07-11 12:14:13.572000+00:00,0.06348137185097924,-0.017526283733312664,-0.036876944274291557,WALKING
2022-07-11 12:14:13.573000+00:00,-0.05699689001717878,-0.11834384176236246,-0.0048342514026771255,2022-07-11 12:14:13.572000+00:00,0.061206369433016494,-0.0280263040879144,-0.026621925362270926,WALKING
2022-07-11 12:14:13.580000+00:00,-0.0495510770673776,-0.11715434383787249,0.005756876828561408,2022-07-11 12:14:13.580000+00:00,0.061626370930240926,-0.0343613169946444,-0.01717190704312932,WALKING
2022-07-11 12:14:13.629000+00:00,-0.037495949023705566,-0.12008615663791211,0.010762690344223058,2022-07-11 12:14:13.629000+00:00,0.06341137387824292,-0.03674131978691331,-0.009086892736166696,WALKING
2022-07-11 12:14:13.629000+00:00,-0.02004231765926623,-0.12243466531946123,0.012745191190278282,2022-07-11 12:14:13.629000+00:00,0.06334136907510324,-0.03653131903830109,-0.0035218816493975957,WALKING
2022-07-11 12:14:13.629000+00:00,-0.007834689959608121,-0.12045216067466591,0.015825691990627222,2022-07-11 12:14:13.629000+00:00,0.060436364411303956,-0.03303131453023489,-0.002191879184988088,WALKING
2022-07-11 12:14:13.630000+00:00,0.008185439776174697,-0.11181303586545388,0.0036828761129397147,2022-07-11 12:14:13.630000+00:00,0.05557135503725852,-0.03159631169151933,-0.00586688609564856,WALKING
2022-07-11 12:14:13.630000+00:00,0.0026916258798490578,-0.11215234539675378,0.012074190880544178,2022-07-11 12:14:13.630000+00:00,0.049131343463823196,-0.03544631630887196,-0.013461900932650539,WALKING
2022-07-11 12:14:13.641000+00:00,-0.00200537552854152,-0.11523284999584271,0.015825691990627222,2022-07-11 12:14:13.641000+00:00,0.044966337723552297,-0.03429131560670651,-0.01759190854035375,WALKING
2022-07-11 12:14:13.656000+00:00,-0.006126689482000125,-0.11822184446876716,0.015124192357494293,2022-07-11 12:14:13.656000+00:00,0.043111333387612305,-0.030966309445682683,-0.02035691384347882,WALKING
2022-07-11 12:14:13.658000+00:00,-0.010000190544796395,-0.12045216067466591,0.01259269153429221,2022-07-11 12:14:13.658000+00:00,0.04216633001885728,-0.027886303019639347,-0.023016918772297834,WALKING
2022-07-11 12:14:13.668000+00:00,-0.014457004463185208,-0.12164165859915599,0.011616691152837921,2022-07-11 12:14:13.668000+00:00,0.041291328038040476,-0.02522629809082033,-0.025641924714748687,WALKING
2022-07-11 12:14:13.678000+00:00,-0.02037781781413328,-0.12243466531946123,0.012836691439718884,2022-07-11 12:14:13.678000+00:00,0.04038132707085529,-0.021901291929796618,-0.02742692766275079,WALKING
2022-07-11 12:14:13.688000+00:00,-0.02584113219712314,-0.12133666536516774,0.013965192236907065,2022-07-11 12:14:13.688000+00:00,0.03915632498075183,-0.01556627902306651,-0.027321927288444625,WALKING
2022-07-11 12:14:13.701000+00:00,-0.027671134146940335,-0.12033016338107061,0.002950875826848831,2022-07-11 12:14:13.700000+00:00,0.03681132117485131,-0.009441267718749091,-0.026236924559015495,WALKING
2022-07-11 12:14:13.713000+00:00,-0.03160563499615632,-0.11724584180806896,0.009386377985931116,2022-07-11 12:14:13.713000+00:00,0.034886315450973315,-0.012556273984961064,-0.023366918881584264,WALKING
2022-07-11 12:14:13.724000+00:00,-0.03383594816306312,-0.11599534523678123,0.019367504934107327,2022-07-11 12:14:13.723000+00:00,0.03443131496738072,-0.01364127586058983,-0.020531913898122034,WALKING
2022-07-11 12:14:13.733000+00:00,-0.036641949734586565,-0.1181608458219695,0.014544691537452747,2022-07-11 12:14:13.732000+00:00,0.0343613169946444,-0.009966268736479211,-0.017626909234322752,WALKING
2022-07-11 12:14:13.738000+00:00,-0.03603194807165022,-0.11975066408052504,0.007800377461036456,2022-07-11 12:14:13.737000+00:00,0.03373131474880786,-0.010211269325259953,-0.014266902379330038,WALKING
2022-07-11 12:14:13.764000+00:00,-0.03218513429670189,-0.11984216205072151,0.004231876090086351,2022-07-11 12:14:13.765000+00:00,0.031871935539571794,-0.013606276020421304,-0.012166898308409668,WALKING
2022-07-11 12:14:13.767000+00:00,-0.031087134342408285,-0.12142816333536421,0.006946377412169413,2022-07-11 12:14:13.766000+00:00,0.028721931140792023,-0.01525127960774908,-0.011326897021561644,WALKING
2022-07-11 12:14:13.770000+00:00,-0.02754913381435309,-0.12176365589275129,0.01057969060509012,2022-07-11 12:14:13.769000+00:00,0.025396923272167582,-0.012941274788216495,-0.010206894451963988,WALKING
2022-07-11 12:14:13.778000+00:00,-0.022848319230789782,-0.12069615526185662,0.012867190763117708,2022-07-11 12:14:13.778000+00:00,0.02252691759473624,-0.008461266217426489,-0.00978689380853992,WALKING
2022-07-11 12:14:13.791000+00:00,-0.019645818857601638,-0.11770334381501923,0.0164661929769625,2022-07-11 12:14:13.790000+00:00,0.02011191410849844,-0.004436258557129258,-0.010241894292132514,WALKING
2022-07-11 12:14:13.802000+00:00,-0.017903505501547956,-0.11569035200279298,0.017659504836373463,2022-07-11 12:14:13.801000+00:00,0.018711910256151043,-0.00198625373657213,-0.011221896647255591,WALKING
2022-07-11 12:14:13.811000+00:00,-0.016073505071226624,-0.11483634663568998,0.017263004515212677,2022-07-11 12:14:13.811000+00:00,0.018186910092221398,-0.003876257272330319,-0.01227189868271572,WALKING
2022-07-11 12:14:13.817000+00:00,-0.01656150488207986,-0.11465335069529703,0.021319505697015906,2022-07-11 12:14:13.816000+00:00,0.017836908275334018,-0.008146265948308584,-0.013601901147125228,WALKING
2022-07-11 12:14:13.831000+00:00,-0.018883317538679112,-0.11773384313841806,0.03276463359724757,2022-07-11 12:14:13.832000+00:00,0.018466910521170776,-0.010561270288346858,-0.014476903127942142,WALKING
2022-07-11 12:14:13.840000+00:00,-0.017415505690694832,-0.1182828431155648,0.03410663421671556,2022-07-11 12:14:13.839000+00:00,0.021931917750469543,-0.009651268467361307,-0.014686903876554358,WALKING
2022-07-11 12:14:13.851000+00:00,-0.015768504239758507,-0.12139766401196539,0.02138050586330964,2022-07-11 12:14:13.851000+00:00,0.025571923326810797,-0.01154127178966946,-0.015596904843739545,WALKING
2022-07-11 12:14:13.860000+00:00,-0.011376503662836268,-0.12313616191360222,0.011342191164264603,2022-07-11 12:14:13.860000+00:00,0.026656926056239927,-0.021691291181184402,-0.01657690719886251,WALKING
2022-07-11 12:14:13.868000+00:00,-0.006096189398853369,-0.12252616328965771,0.01338569141686552,2022-07-11 12:14:13.868000+00:00,0.025151923537187093,-0.03355631298656381,-0.01787190896930313,WALKING
2022-07-11 12:14:13.882000+00:00,-0.0028288758741356057,-0.12075716606462206,0.019764005255268113,2022-07-11 12:14:13.883000+00:00,0.022386918234062136,-0.03733632304638168,-0.020216914482804604,WALKING
2022-07-11 12:14:13.890000+00:00,-0.00423568888538528,-0.12243466531946123,0.020984005542148854,2022-07-11 12:14:13.890000+00:00,0.019831913679549062,-0.03303131453023489,-0.023471919255890428,WALKING
2022-07-11 12:14:13.899000+00:00,-0.005333689219552795,-0.12402066660410394,0.01945900594329575,2022-07-11 12:14:13.898000+00:00,0.018536910201507828,-0.0279913033939454,-0.02567692370111685,WALKING
2022-07-11 12:14:13.910000+00:00,-0.005852189113552786,-0.12560666788874664,0.018056005157534027,2022-07-11 12:14:13.909000+00:00,0.018151909398252508,-0.02519129739685133,-0.027076927553464247,WALKING
2022-07-11 12:14:13.920000+00:00,-0.007011189234140014,-0.1288129745993758,0.01769000567926815,2022-07-11 12:14:13.920000+00:00,0.017766908594996966,-0.02337129546248118,-0.028406930017873755,WALKING
2022-07-11 12:14:13.929000+00:00,-0.00862768984218154,-0.13482529199850435,0.017202004348919164,2022-07-11 12:14:13.928000+00:00,0.016751907253505838,-0.021411290752235024,-0.02998193221726364,WALKING
2022-07-11 12:14:13.933000+00:00,-0.014243504640905402,-0.14135611005138082,0.015795192667228397,2022-07-11 12:14:13.931000+00:00,0.01405690163071771,-0.018016284910874147,-0.03204693730181585,WALKING
2022-07-11 12:14:13.948000+00:00,-0.025810632873724315,-0.1443756038477042,0.015551192002053904,2022-07-11 12:14:13.947000+00:00,0.008211890755349671,-0.011891272752756366,-0.03344693773896168,WALKING
2022-07-11 12:14:13.957000+00:00,-0.0377094473264894,-0.14114260263162115,0.016405192810668767,2022-07-11 12:14:13.957000+00:00,0.00012687524773014047,-0.004016257486805008,-0.032956938269000924,WALKING
2022-07-11 12:14:13.969000+00:00,-0.0446977643473242,-0.13418479405116102,0.014056691726599624,2022-07-11 12:14:13.968000+00:00,-0.008168140314788741,0.0031937561200412468,-0.030086932591569804,WALKING
2022-07-11 12:14:13.976000+00:00,-0.04521626196208017,-0.12963648064307987,0.008440877687623694,2022-07-11 12:14:13.975000+00:00,-0.015378154348535289,0.00641376233365909,-0.024836922414268825,WALKING
2022-07-11 12:14:13.985000+00:00,-0.038898948289971425,-0.1311309718015582,-0.0002554375790593255,2022-07-11 12:14:13.984000+00:00,-0.019998163987600348,0.003123756012803902,-0.01825690977255845,WALKING
2022-07-11 12:14:13.993000+00:00,-0.031514133986967785,-0.13857679386833532,-0.008189252191599494,2022-07-11 12:14:14.009000+00:00,-0.021293165758040855,-0.007726264451084153,-0.011676897130848074,WALKING
2022-07-11 12:14:14.010000+00:00,-0.023061819053069588,-0.1475476064169896,-0.011883566310561644,2022-07-11 12:14:14.010000+00:00,-0.019788163238988132,-0.022461292787695264,-0.005131884756206517,WALKING
2022-07-11 12:14:14.010000+00:00,-0.01048819035564963,-0.1530109238389713,-0.014720067205484022,2022-07-11 12:14:14.011000+00:00,-0.01821315933199752,-0.0343613169946444,0.0009625017946883752,WALKING
2022-07-11 12:14:14.062000+00:00,0.0008311252714123807,-0.15789472980443964,-0.018044567911259524,2022-07-11 12:14:14.062000+00:00,-0.02073316490014221,-0.04153632777302074,0.004917509561198408,WALKING
2022-07-11 12:14:14.063000+00:00,0.0033359383319240266,-0.16543204984141324,-0.014964066351162542,2022-07-11 12:14:14.062000+00:00,-0.027558177276832962,-0.044126334729103434,0.0063875122400827156,WALKING
2022-07-11 12:14:14.063000+00:00,-0.013633504497465032,-0.17357936850233124,-0.008158752108452627,2022-07-11 12:14:14.063000+00:00,-0.03672819516702519,-0.03929632434142616,0.006247512025608026,WALKING
2022-07-11 12:14:14.064000+00:00,-0.035848949092265214,-0.17235935909847455,-0.0022074381045467106,2022-07-11 12:14:14.063000+00:00,-0.04656321428942223,-0.030756308697070467,0.008452516470834448,WALKING
2022-07-11 12:14:14.064000+00:00,-0.04949007842057995,-0.16387654788016937,0.0020930631726201465,2022-07-11 12:14:14.064000+00:00,-0.05723823299106634,-0.022251292039083048,0.013317525844879885,WALKING
2022-07-11 12:14:14.075000+00:00,-0.056905392046982306,-0.15502773262511038,0.00038506262378579237,2022-07-11 12:14:14.068000+00:00,-0.06910325821164742,-0.01402627666384526,0.018322534579599647,WALKING
2022-07-11 12:14:14.108000+00:00,-0.06368020468704949,-0.1499609185632813,-0.006755752082438837,2022-07-11 12:14:14.108000+00:00,-0.08219328210713028,-0.007306263807660196,0.022417542347134223,WALKING
2022-07-11 12:14:14.108000+00:00,-0.0697535207329757,-0.1492289226457415,-0.018654568054699894,2022-07-11 12:14:14.108000+00:00,-0.0956683085134693,-0.003876257272330319,0.027107551666536445,WALKING
2022-07-11 12:14:14.109000+00:00,-0.07124801796943792,-0.149838921269686,-0.029855695289756956,2022-07-11 12:14:14.109000+00:00,-0.10900333214393243,-0.0031762559865069484,0.034212564472176465,WALKING
2022-07-11 12:14:14.109000+00:00,-0.06395470467562281,-0.14715110305683698,-0.03025219561091763,2022-07-11 12:14:14.109000+00:00,-0.12181772877616115,-0.0014262527719484108,0.04464258685404188,WALKING
2022-07-11 12:14:14.118000+00:00,-0.05171658069155782,-0.1476429213610989,-0.030770696264665554,2022-07-11 12:14:14.118000+00:00,-0.13266775607045256,0.004663758798925555,0.055947607801522636,WALKING
2022-07-11 12:14:14.128000+00:00,-0.03877694795738407,-0.15233991441226136,-0.03666101029221491,2022-07-11 12:14:14.127000+00:00,-0.14187277636221463,0.01239877342350204,0.06602762324369849,WALKING
2022-07-11 12:14:14.141000+00:00,-0.019188318370147228,-0.15743722779748937,-0.04148382368886949,2022-07-11 12:14:14.141000+00:00,-0.14887277854794367,0.012223773368858826,0.07523264353546044,WALKING
2022-07-11 12:14:14.150000+00:00,0.0020511256532618205,-0.16170723032106826,-0.029977695622344203,2022-07-11 12:14:14.149000+00:00,-0.15272278999569955,0.0025287548878365484,0.08181265788477154,WALKING
2022-07-11 12:14:14.160000+00:00,0.018807067710685965,-0.1643950485339173,-0.004773251236383502,2022-07-11 12:14:14.159000+00:00,-0.15163779409667366,-0.009161267289799824,0.08464766457583472,WALKING
2022-07-11 12:14:14.184000+00:00,0.03155988297206602,-0.1692483673319547,0.02171600601817647,2022-07-11 12:14:14.183000+00:00,-0.14453278129103364,-0.01731628298470045,0.08545266175351207,WALKING
2022-07-11 12:14:14.185000+00:00,0.04248651173804574,-0.17141386791714297,0.03874644863398524,2022-07-11 12:14:14.186000+00:00,-0.13319275452678148,-0.019031286252365387,0.08489266431081499,WALKING
2022-07-11 12:14:14.189000+00:00,0.05466364315329697,-0.1664690511489092,0.030900321428102506,2022-07-11 12:14:14.189000+00:00,-0.12220273128701742,-0.01917128732064044,0.08156765814979128,WALKING
2022-07-11 12:14:14.197000+00:00,0.05334833096129876,-0.15294992519217365,0.033649135248757345,2022-07-11 12:14:14.198000+00:00,-0.11435834098793862,-0.02449129717827847,0.07407764283329499,WALKING
2022-07-11 12:14:14.212000+00:00,0.046024512266100936,-0.13570978453303817,0.023332506626217997,2022-07-11 12:14:14.211000+00:00,-0.10739333095817438,-0.026696301623504892,0.06347262210438709,WALKING
2022-07-11 12:14:14.220000+00:00,0.03055338402696095,-0.12575916450574076,0.02666082126691438,2022-07-11 12:14:14.221000+00:00,-0.09941331617171745,-0.02869130361251837,0.051957600408294224,WALKING
2022-07-11 12:14:14.230000+00:00,0.010442440610803239,-0.11779484178521571,0.022875006138763698,2022-07-11 12:14:14.230000+00:00,-0.08964829843725841,-0.022881294284919584,0.042297579632939675,WALKING
2022-07-11 12:14:14.240000+00:00,-0.012505003700276629,-0.11526334931924154,0.020008005920442606,2022-07-11 12:14:14.241000+00:00,-0.0804782771318645,-0.012416273770486375,0.03550756795021792,WALKING
2022-07-11 12:14:14.251000+00:00,-0.0408547614683048,-0.11605634388357888,0.014849692368920975,2022-07-11 12:14:14.250000+00:00,-0.07270826309401968,0.0033687563881346083,0.0341775654858083,WALKING
2022-07-11 12:14:14.258000+00:00,-0.056325892746436734,-0.11575135064959063,0.008959377581623684,2022-07-11 12:14:14.259000+00:00,-0.06374824936764123,0.012083773154384136,0.040652579460813465,WALKING
2022-07-11 12:14:14.270000+00:00,-0.06889952144385669,-0.11770334381501923,0.009050877831064064,2022-07-11 12:14:14.271000+00:00,-0.053213226611469766,0.010228769672244509,0.052377601905518656,WALKING
2022-07-11 12:14:14.279000+00:00,-0.07066851866889234,-0.1185268498587233,0.004963876566114189,2022-07-11 12:14:14.279000+00:00,-0.04372820759835916,0.008268765815798718,0.06774262821896415,WALKING
2022-07-11 12:14:14.288000+00:00,-0.06307020606310498,-0.11745934922782864,0.0018795629704664307,2022-07-11 12:14:14.289000+00:00,-0.035748192811902224,0.004733758906162899,0.08247765911697647,WALKING
2022-07-11 12:14:14.299000+00:00,-0.04698907616102865,-0.11477534798889233,-0.001322937877564323,2022-07-11 12:14:14.298000+00:00,-0.028643180006262092,0.0026687551023112377,0.09444768129666192,WALKING
2022-07-11 12:14:14.306000+00:00,-0.02385481969539094,-0.11169103857185858,-0.005261251427110647,2022-07-11 12:14:14.307000+00:00,-0.02426817180977814,0.0077437647980687085,0.10095769084283357,WALKING
2022-07-11 12:14:14.329000+00:00,-0.004662688909818802,-0.10839702655300998,-0.004250938926958714,2022-07-11 12:14:14.328000+00:00,-0.021678166561296286,0.01953878692311095,0.10067769212148492,WALKING
2022-07-11 12:14:14.329000+00:00,0.007910939787601157,-0.1051335260135281,-0.00037743760299902007,2022-07-11 12:14:14.330000+00:00,-0.018528160454915787,0.034938817345727236,0.09619768525829575,WALKING
2022-07-11 12:14:14.335000+00:00,0.015600754922072912,-0.10095121664220075,0.006366876972001778,2022-07-11 12:14:14.334000+00:00,-0.01261314904541011,0.04701821477301471,0.09028267214118935,WALKING
2022-07-11 12:14:14.344000+00:00,0.01877656838728714,-0.09545740597480412,0.010091690794236996,2022-07-11 12:14:14.343000+00:00,-0.005193135116851821,0.056433232398187316,0.08370265779187824,WALKING
2022-07-11 12:14:14.357000+00:00,0.02167406944850314,-0.09014659124780033,0.007983377200169395,2022-07-11 12:14:14.356000+00:00,0.001561878006401951,0.06532325156703123,0.07624764829215325,WALKING
2022-07-11 12:14:14.378000+00:00,0.022589068903915877,-0.08764558594925709,0.0039268760183661655,2022-07-11 12:14:14.377000+00:00,0.007511889682976447,0.07074825838377352,0.06861763019978118,WALKING
2022-07-11 12:14:14.379000+00:00,0.02448006950053072,-0.08441258473317403,0.002920375933639141,2022-07-11 12:14:14.380000+00:00,0.014476903127942142,0.06903326023891121,0.06158261536687726,WALKING
2022-07-11 12:14:14.396000+00:00,0.025520883223451474,-0.0825787718874279,0.0009950628384525206,2022-07-11 12:14:14.395000+00:00,0.022036916417174757,0.06336324685678507,0.05381260132903254,WALKING
2022-07-11 12:14:14.397000+00:00,0.02255856958051705,-0.08236527662363613,-0.001719437913819566,2022-07-11 12:14:14.397000+00:00,0.029736932482283374,0.056433232398187316,0.045237586698308796,WALKING
2022-07-11 12:14:14.403000+00:00,0.01703425503123346,-0.08239577594703495,-0.006054251689557977,2022-07-11 12:14:14.403000+00:00,0.036986319521893574,0.04981821906250805,0.03701257217687148,WALKING
2022-07-11 12:14:14.416000+00:00,0.010568253358815394,-0.08279227322920368,-0.009073752323613293,2022-07-11 12:14:14.416000+00:00,0.04363633184394122,0.04344820887701073,0.02976755659535546,WALKING
2022-07-11 12:14:14.426000+00:00,0.00437293887967205,-0.08508358808190009,-0.012737566359428576,2022-07-11 12:14:14.427000+00:00,0.05004134443100838,0.03633882119807463,0.023642544437237678,WALKING
2022-07-11 12:14:14.435000+00:00,0.003976438558511264,-0.08380258610922964,-0.017648067590098848,2022-07-11 12:14:14.436000+00:00,0.055186355941603926,0.02807880427506748,0.017797534415670002,WALKING
2022-07-11 12:14:14.445000+00:00,0.004769438820958705,-0.08361958409085268,-0.01874987995981725,2022-07-11 12:14:14.446000+00:00,0.05819636097970937,0.021743791368337373,0.010832520970704085,WALKING
2022-07-11 12:14:14.465000+00:00,0.0029661258684223757,-0.08374158746243199,-0.01902437994839057,2022-07-11 12:14:14.466000+00:00,0.060051361900447686,0.018978786065212416,0.002887505597515494,WALKING
2022-07-11 12:14:14.468000+00:00,0.0009531253190941946,-0.08267027593560838,-0.017587067423805225,2022-07-11 12:14:14.467000+00:00,0.061661369916608866,0.017928784029752176,-0.005306885237749914,WALKING
2022-07-11 12:14:14.471000+00:00,-0.0003888751104369481,-0.08303627389437829,-0.017068566770057192,2022-07-11 12:14:14.470000+00:00,0.06383137537546735,0.015723779584525754,-0.013776901201768443,WALKING
2022-07-11 12:14:14.480000+00:00,-0.0018833755758281834,-0.08462608607494981,-0.019695380258124673,2022-07-11 12:14:14.497000+00:00,0.06607137880706193,0.010963770584786259,-0.022771919037317456,WALKING
2022-07-11 12:14:14.498000+00:00,-0.00380487606565294,-0.08880459062833224,-0.023111381973088596,2022-07-11 12:14:14.499000+00:00,0.06764638100645182,0.0041387577811953236,-0.031626935804591416,WALKING
2022-07-11 12:14:14.499000+00:00,-0.005791189327133184,-0.09475590330267925,-0.027110695404023,2022-07-11 12:14:14.500000+00:00,0.06817137946278051,-0.0012162523435114148,-0.03995695070033489,WALKING
2022-07-11 12:14:14.551000+00:00,-0.010518690438796385,-0.1074515353716784,-0.03458701071621506,2022-07-11 12:14:14.551000+00:00,0.06768137999281998,-0.0043312581828230945,-0.04727196425458713,WALKING
2022-07-11 12:14:14.551000+00:00,-0.01723250519181385,-0.1255761564093799,-0.047770638037579416,2022-07-11 12:14:14.551000+00:00,0.06666637523612695,-0.0052062601636401196,-0.05266197550016316,WALKING
2022-07-11 12:14:14.552000+00:00,-0.03624544941342589,-0.15047941921702923,-0.07117558055686979,2022-07-11 12:14:14.552000+00:00,0.06267636784289854,-0.0014262527719484108,-0.056336981770473304,WALKING
2022-07-11 12:14:14.552000+00:00,-0.07893783462340564,-0.18291617293177143,-0.1055681504889373,2022-07-11 12:14:14.552000+00:00,0.050076346832578,0.011068770959092422,-0.054901978931757744,WALKING
2022-07-11 12:14:14.553000+00:00,-0.14659066431391965,-0.21621076114349735,-0.13611390968504855,2022-07-11 12:14:14.552000+00:00,0.024871923108237937,0.03626881981013663,-0.04132195556631424,WALKING
2022-07-11 12:14:14.563000+00:00,-0.20728949631990223,-0.22374806902450306,-0.14438322563956196,2022-07-11 12:14:14.557000+00:00,-0.008098140634451578,0.06406324707535793,-0.011816897345322763,WALKING
2022-07-11 12:14:14.599000+00:00,-0.22712594506572248,-0.2058064439271945,-0.11673497510214659,2022-07-11 12:14:14.599000+00:00,-0.0366581937790873,0.074703266790634,0.02689755091792434,WALKING
2022-07-11 12:14:14.599000+00:00,-0.19044587117688727,-0.1766636779193651,-0.07700489593762139,2022-07-11 12:14:14.600000+00:00,-0.050728223444894804,0.06528825258066306,0.06427762611246779,WALKING
2022-07-11 12:14:14.600000+00:00,-0.13084503912519818,-0.14211860529231946,-0.04950913897820819,2022-07-11 12:14:14.600000+00:00,-0.048593216972404596,0.037073820403015656,0.08716766672877774,WALKING
2022-07-11 12:14:14.600000+00:00,-0.07774833669891568,-0.1129148406376923,-0.039101010865976615,2022-07-11 12:14:14.600000+00:00,-0.037883195869190645,0.003228756173659919,0.09196267813008685,WALKING
2022-07-11 12:14:14.606000+00:00,-0.047416075805588154,-0.09542690057342129,-0.026714195082862324,2022-07-11 12:14:14.606000+00:00,-0.027943178080088393,-0.018366285020160578,0.08440266484085424,WALKING
2022-07-11 12:14:14.617000+00:00,-0.028799633424632765,-0.09393240333695907,0.0005680626715662829,2022-07-11 12:14:14.618000+00:00,-0.01901816163247727,-0.022531292468032316,0.07197763534717305,WALKING
2022-07-11 12:14:14.630000+00:00,-0.008322689770461245,-0.10998302783765268,0.01942850510040106,2022-07-11 12:14:14.629000+00:00,-0.00778313951153331,-0.020011288607488464,0.056857608768707824,WALKING
2022-07-11 12:14:14.640000+00:00,0.009618940645083285,-0.1387902891321271,0.01732400468150641,2022-07-11 12:14:14.639000+00:00,0.0032418812204482172,-0.016546281378189587,0.039217576622097905,WALKING
2022-07-11 12:14:14.647000+00:00,0.03040088437097488,-0.16262605130888164,0.00758687687900883,2022-07-11 12:14:14.647000+00:00,0.010801896003831635,-0.010701270502821547,0.021892542183204577,WALKING
2022-07-11 12:14:14.660000+00:00,0.05536513974743795,-0.17272536313522835,-0.00019443755521852957,2022-07-11 12:14:14.660000+00:00,0.013986901950380659,-0.005381260218283335,0.006282511865776552,WALKING
2022-07-11 12:14:14.671000+00:00,0.07394726887007352,-0.17354886917893242,-0.009470252644773969,2022-07-11 12:14:14.670000+00:00,0.01360190114712534,-6.125012051394485e-05,-0.00576188614824269,WALKING
2022-07-11 12:14:14.678000+00:00,0.07599458305759543,-0.15960272838267764,-0.022653881485634297,2022-07-11 12:14:14.678000+00:00,0.013426901092482124,0.00865376661905426,-0.014476903127942142,WALKING
2022-07-11 12:14:14.690000+00:00,0.05756113965602494,-0.1347642933517067,-0.034556511392816236,2022-07-11 12:14:14.689000+00:00,0.015071904679809789,0.01775378397510896,-0.023751919684839695,WALKING
2022-07-11 12:14:14.699000+00:00,0.025886881182221266,-0.12753197870468924,-0.02887969566805071,2022-07-11 12:14:14.700000+00:00,0.017346908805373484,0.02272379372346056,-0.03351693912689957,WALKING
2022-07-11 12:14:14.707000+00:00,0.0026916258798490578,-0.12524066385199284,-0.020335881244459952,2022-07-11 12:14:14.708000+00:00,0.021931917750469543,0.020658790346509193,-0.039046949733149816,WALKING
2022-07-11 12:14:14.715000+00:00,-0.008414190019901735,-0.11767284449162041,-0.0033359383319240266,2022-07-11 12:14:14.716000+00:00,0.029071931250078453,0.008373766190104881,-0.041741953648336994,WALKING
2022-07-11 12:14:14.729000+00:00,-0.012078003295969086,-0.11071503591116028,0.014727692036333728,2022-07-11 12:14:14.728000+00:00,0.0378613215027106,-0.010036269270616738,-0.04370195835858304,WALKING
2022-07-11 12:14:14.742000+00:00,-0.008658189925328297,-0.10387921246832765,0.03319163324180696,2022-07-11 12:14:14.740000+00:00,0.04608633943934959,-0.02907630612337453,-0.04513696119729871,WALKING
2022-07-11 12:14:14.750000+00:00,-0.001181875372884278,-0.10146971729594867,0.05012676547199435,2022-07-11 12:14:14.749000+00:00,0.05434635294715506,-0.04573633591486148,-0.047551966391137346,WALKING
2022-07-11 12:14:14.760000+00:00,0.0006481251998897708,-0.10562152734387731,0.05473608056586521,2022-07-11 12:14:14.760000+00:00,0.061626370930240926,-0.05522135492797198,-0.05269697448653121,WALKING
2022-07-11 12:14:14.768000+00:00,0.00016012504477580514,-0.11748984855122746,0.03733963543279861,2022-07-11 12:14:14.768000+00:00,0.06467137153951286,-0.058266358952445585,-0.058086985732107244,WALKING
2022-07-11 12:14:14.778000+00:00,-0.005638689291273091,-0.1294229732233202,0.028399322207543154,2022-07-11 12:14:14.777000+00:00,0.061136364629876816,-0.06036636643856763,-0.06144699087949912,WALKING
2022-07-11 12:14:14.798000+00:00,-0.01293200334483613,-0.1364722919299447,0.037156636453413716,2022-07-11 12:14:14.797000+00:00,0.0550463565809296,-0.053821354490826256,-0.06183199339035539,WALKING
2022-07-11 12:14:14.799000+00:00,-0.017293505358107475,-0.138302287801778,0.0426504501598024,2022-07-11 12:14:14.800000+00:00,0.051266346521111616,-0.030651308322764415,-0.059906987666477396,WALKING
2022-07-11 12:14:14.808000+00:00,-0.02083531830158758,-0.13674678584053412,0.02891781982229924,2022-07-11 12:14:14.808000+00:00,0.052001349141254316,-0.00013125025443250227,-0.05703698540424784,WALKING
2022-07-11 12:14:14.818000+00:00,-0.028952133080618836,-0.13103947383136172,0.0008425627076238396,2022-07-11 12:14:14.817000+00:00,0.054066354225806634,0.02097378976182651,-0.052556975125857,WALKING
2022-07-11 12:14:14.830000+00:00,-0.04122076246606665,-0.12264816058325312,-0.01606206782495212,2022-07-11 12:14:14.829000+00:00,0.05287635112207134,0.024193795548544283,-0.045416963333848814,WALKING
2022-07-11 12:14:14.837000+00:00,-0.049429076734790356,-0.11752034787462629,-0.012798565765974268,2022-07-11 12:14:14.836000+00:00,0.04930634522606714,0.012993774975369465,-0.03659694555294302,WALKING
2022-07-11 12:14:14.849000+00:00,-0.04991707806513945,-0.11813034649857068,0.004231876090086351,2022-07-11 12:14:14.849000+00:00,0.04748633987649531,-0.004646258878841181,-0.02609692519834128,WALKING
2022-07-11 12:14:14.859000+00:00,-0.04442326435875077,-0.12011665596131094,0.021350006539910815,2022-07-11 12:14:14.858000+00:00,0.05063634769047676,-0.019731288178539086,-0.015701905218045598,WALKING
2022-07-11 12:14:14.866000+00:00,-0.03737394869111832,-0.12368516189074896,0.0206485053872818,2022-07-11 12:14:14.865000+00:00,0.057286360012524185,-0.02900630473543664,-0.007756889417956714,WALKING
2022-07-11 12:14:14.875000+00:00,-0.02770163347033916,-0.12774547396848102,0.009386377985931116,2022-07-11 12:14:14.874000+00:00,0.06187137066522119,-0.03558631908474785,-0.002716880202718208,WALKING
2022-07-11 12:14:14.885000+00:00,-0.014365504973492649,-0.1255456570859811,0.0018185629941096515,2022-07-11 12:14:14.884000+00:00,0.06239636912155011,-0.04335633312259257,-0.0014918778991647175,WALKING
2022-07-11 12:14:14.895000+00:00,-0.009817190045915525,-0.1208181647114197,0.0038658762319465634,2022-07-11 12:14:14.894000+00:00,0.06033136745219947,-0.048851344742474656,-0.005061884648969173,WALKING
2022-07-11 12:14:14.906000+00:00,-0.011986503806276638,-0.118404852565128,0.00371337619608636,2022-07-11 12:14:14.906000+00:00,0.05714636065185008,-0.04832634287094417,-0.010136894771626825,WALKING
2022-07-11 12:14:14.914000+00:00,-0.01735450552440121,-0.11752034787462629,0.008989877664770551,2022-07-11 12:14:14.914000+00:00,0.05329635261929577,-0.04426633408977776,-0.013776901201768443,WALKING
2022-07-11 12:14:14.924000+00:00,-0.01759850467007973,-0.11590384726658476,0.00847137777077056,2022-07-11 12:14:14.923000+00:00,0.049831343682396056,-0.03464131571599294,-0.016016906340963866,WALKING
2022-07-11 12:14:14.937000+00:00,-0.01900531787126636,-0.11572085132619181,0.004811376530253986,2022-07-11 12:14:14.936000+00:00,0.04577133831643132,-0.023476294129186392,-0.019551913250599795,WALKING
2022-07-11 12:14:14.944000+00:00,-0.02074381881189513,-0.11626985130333856,0.003530376077079511,2022-07-11 12:14:14.943000+00:00,0.04241132975383777,-0.016931282181445018,-0.02326192021487905,WALKING
2022-07-11 12:14:14.951000+00:00,-0.02242131958623028,-0.11593434658998358,0.00459787632810027,2022-07-11 12:14:14.951000+00:00,0.04013632733587502,-0.014446277307269217,-0.02641192632125955,WALKING
2022-07-11 12:14:14.963000+00:00,-0.025444631875962465,-0.11581234929638828,0.010488190355649518,2022-07-11 12:14:14.964000+00:00,0.03870132449715946,-0.013011274468553657,-0.028441929004241917,WALKING
2022-07-11 12:14:14.972000+00:00,-0.023885319018789763,-0.1143788446287397,0.011372690487663428,2022-07-11 12:14:14.987000+00:00,0.038141323639260705,-0.010981270931770815,-0.029351929971427104,WALKING
2022-07-11 12:14:14.988000+00:00,-0.02437332034913886,-0.11212184607335496,0.01259269153429221,2022-07-11 12:14:14.987000+00:00,0.03709131989619974,-0.010456269914040695,-0.030401933714488072,WALKING
2022-07-11 12:14:14.989000+00:00,-0.025963132529710387,-0.11138603318190243,0.011372690487663428,2022-07-11 12:14:14.989000+00:00,0.035376318336135526,-0.010736270342990073,-0.03166193479095958,WALKING
2022-07-11 12:14:15.035000+00:00,-0.02919613374579344,-0.112792843344097,0.011738690725677348,2022-07-11 12:14:15.035000+00:00,0.0335563129865637,-0.011856272912587729,-0.032571935758144654,WALKING
2022-07-11 12:14:15.035000+00:00,-0.03084313367723379,-0.1148668459590888,0.011342191164264603,2022-07-11 12:14:15.035000+00:00,0.03197693591387796,-0.012521274144792538,-0.032956938269000924,WALKING
2022-07-11 12:14:15.036000+00:00,-0.03160563499615632,-0.11718484316127131,0.011647191235984788,2022-07-11 12:14:15.036000+00:00,0.029736932482283374,-0.010736270342990073,-0.03285193789469487,WALKING
2022-07-11 12:14:15.036000+00:00,-0.03239863563847767,-0.1185268498587233,0.01399569156030589,2022-07-11 12:14:15.036000+00:00,0.027181926220169572,-0.0059412615030821625,-0.032221935648858224,WALKING
2022-07-11 12:14:15.037000+00:00,-0.031300635684184064,-0.11874034512251519,0.01567319233464115,2022-07-11 12:14:15.036000+00:00,0.025606924020779687,8.750016739833555e-06,-0.031031935960324608,WALKING
2022-07-11 12:14:15.044000+00:00,-0.03261594787618227,-0.11870984579911636,0.01927600544441499,2022-07-11 12:14:15.044000+00:00,0.025116922843218203,0.005258759923892908,-0.02963193210797721,WALKING
2022-07-11 12:14:15.056000+00:00,-0.03276844753216834,-0.12127565456240219,0.010335690699663447,2022-07-11 12:14:15.055000+00:00,0.025186922523555255,0.009143767796615743,-0.027461928356719678,WALKING
2022-07-11 12:14:15.083000+00:00,-0.028586132082856985,-0.11996415934431681,0.008257877188742713,2022-07-11 12:14:15.084000+00:00,0.02427692155637029,0.00641376233365909,-0.024381921930676342,WALKING
2022-07-11 12:14:15.084000+00:00,-0.023061819053069588,-0.11562934120002744,0.012257191379425159,2022-07-11 12:14:15.084000+00:00,0.024486922304982395,-0.0025812548615394837,-0.022246917165786972,WALKING
2022-07-11 12:14:15.086000+00:00,-0.019096817360958807,-0.11471434934209468,0.015185192523788027,2022-07-11 12:14:15.086000+00:00,0.025886924449729065,-0.013851276609202046,-0.02147691555927611,WALKING
2022-07-11 12:14:15.094000+00:00,-0.014640004962066078,-0.11453134124573383,0.015429191669466658,2022-07-11 12:14:15.094000+00:00,0.027391926968781677,-0.023511294823155393,-0.021931917750469543,WALKING
2022-07-11 12:14:15.110000+00:00,-0.013877503643143552,-0.11514135202564613,0.012196191213131646,2022-07-11 12:14:15.109000+00:00,0.02707692755346436,-0.026836300984179107,-0.02392692144708375,WALKING
2022-07-11 12:14:15.119000+00:00,-0.013938503809437175,-0.11617834117717418,0.007098877068155485,2022-07-11 12:14:15.119000+00:00,0.02431192225033918,-0.026066299377668245,-0.026166924878678333,WALKING
2022-07-11 12:14:15.125000+00:00,-0.01460950411917128,-0.11782534110861453,0.004872376316673588,2022-07-11 12:14:15.123000+00:00,0.02007691341452955,-0.025436298839432547,-0.028126929588924487,WALKING
2022-07-11 12:14:15.139000+00:00,-0.017537504503786105,-0.11938466004377124,0.008562877260462898,2022-07-11 12:14:15.138000+00:00,0.015596904843739434,-0.025051298036177116,-0.029351929971427104,WALKING
2022-07-11 12:14:15.150000+00:00,-0.02147581928792286,-0.12155016062895951,0.014392191881466676,2022-07-11 12:14:15.149000+00:00,0.012306898522884246,-0.023546295517124394,-0.029176931624384617,WALKING
2022-07-11 12:14:15.159000+00:00,-0.024068319517670633,-0.12170265724595364,0.01842200615529599,2022-07-11 12:14:15.158000+00:00,0.010906895524337212,-0.021831292249459455,-0.02753192803705684,WALKING
2022-07-11 12:14:15.168000+00:00,-0.023885319018789763,-0.12066565593845768,0.0211060058747361,2022-07-11 12:14:15.168000+00:00,0.010731895469693997,-0.021481290432572187,-0.02529192289786142,WALKING
2022-07-11 12:14:15.179000+00:00,-0.025353132386270016,-0.12063515661505886,0.02476981915080345,2022-07-11 12:14:15.178000+00:00,0.010486894880913367,-0.02130629037792897,-0.023751919684839695,WALKING
2022-07-11 12:14:15.188000+00:00,-0.02797613345891259,-0.12209916060610626,0.0293753218292494,2022-07-11 12:14:15.187000+00:00,0.00954189321975929,-0.01875128582341601,-0.02280691802368562,WALKING
2022-07-11 12:14:15.198000+00:00,-0.029013134766408544,-0.12200766263590979,0.03181913329894015,2022-07-11 12:14:15.198000+00:00,0.007721889577788188,-0.012661274359267227,-0.02256191828870535,WALKING
2022-07-11 12:14:15.209000+00:00,-0.03084313367723379,-0.12158065995235834,0.031514133986967785,2022-07-11 12:14:15.208000+00:00,0.004851884327257139,-0.004226258235417224,-0.02280691802368562,WALKING
2022-07-11 12:14:15.217000+00:00,-0.03267694652297992,-0.12084866403481853,0.030900321428102506,2022-07-11 12:14:15.216000+00:00,0.0019818788632761652,0.002913755477641944,-0.022981919785929672,WALKING
2022-07-11 12:14:15.227000+00:00,-0.03233763395268796,-0.12319716056039987,0.025379819294244044,2022-07-11 12:14:15.226000+00:00,-0.0006081261717556519,0.0072187637803386995,-0.02214191679148092,WALKING
2022-07-11 12:14:15.238000+00:00,-0.029806132369737837,-0.1324729784990103,0.0148801916923198,2022-07-11 12:14:15.238000+00:00,-0.003828132385373495,0.007813765332206124,-0.0199369123462545,WALKING
2022-07-11 12:14:15.244000+00:00,-0.026725633848632913,-0.14635810849249953,0.0033473759580726625,2022-07-11 12:14:15.243000+00:00,-0.006663137795736018,0.002458754780599204,-0.016891906614180052,WALKING
2022-07-11 12:14:15.258000+00:00,-0.02068281864560151,-0.15707123591670347,-0.0051087513912505544,2022-07-11 12:14:15.258000+00:00,-0.008378141063400846,-0.007831264825390316,-0.013671900827462391,WALKING
2022-07-11 12:14:15.267000+00:00,-0.014274003964304227,-0.16375455058657407,-0.005993251903138375,2022-07-11 12:14:15.266000+00:00,-0.009323142724554923,-0.022776293910613532,-0.009856893488877083,WALKING
2022-07-11 12:14:15.278000+00:00,-0.007773689793314498,-0.16863455173409747,-0.00532225159340427,2022-07-11 12:14:15.279000+00:00,-0.011633147544087508,-0.033906316511051915,-0.005551885826530656,WALKING
2022-07-11 12:14:15.284000+00:00,-0.008139690031328306,-0.17324386378897627,-0.005627251665124455,2022-07-11 12:14:15.283000+00:00,-0.01716315729653728,-0.033101312502971214,-0.0019118787560387096,WALKING
2022-07-11 12:14:15.294000+00:00,-0.018852818215280287,-0.17367086647252772,-0.005078251308103687,2022-07-11 12:14:15.294000+00:00,-0.025108173096626163,-0.026346299806617623,0.001452502758799934,WALKING
2022-07-11 12:14:15.304000+00:00,-0.03325644582352549,-0.17040736593304595,-0.00532225159340427,2022-07-11 12:14:15.303000+00:00,-0.033998188850268285,-0.0230562943395628,0.006142511651301863,WALKING
2022-07-11 12:14:15.315000+00:00,-0.041952761422598295,-0.16445604718071505,-0.006054251689557977,2022-07-11 12:14:15.316000+00:00,-0.04386821037423505,-0.0230562943395628,0.012092522900976066,WALKING
2022-07-11 12:14:15.326000+00:00,-0.046775574819252874,-0.15951123041248116,-0.007335252142732451,2022-07-11 12:14:15.325000+00:00,-0.05492823158673543,-0.022951293965256747,0.017517533986720624,WALKING
2022-07-11 12:14:15.335000+00:00,-0.05147258002638333,-0.15694923862310806,-0.01026325328709532,2022-07-11 12:14:15.334000+00:00,-0.06682825579368468,-0.020816289200367377,0.02199754255751052,WALKING
2022-07-11 12:14:15.346000+00:00,-0.05477039078519286,-0.1557597285426502,-0.017739567079791296,2022-07-11 12:14:15.345000+00:00,-0.07960327515104759,-0.015356279982055132,0.02630255107365742,WALKING
2022-07-11 12:14:15.354000+00:00,-0.05629539342303791,-0.15697973794650688,-0.025429382214263052,2022-07-11 12:14:15.355000+00:00,-0.09318330534689434,-0.007901265359527843,0.03158756194492729,WALKING
2022-07-11 12:14:15.362000+00:00,-0.054129892837849636,-0.15752873792365374,-0.028117194349128183,2022-07-11 12:14:15.363000+00:00,-0.1061333264665012,-6.125012051394485e-05,0.03862257336262931,WALKING
2022-07-11 12:14:15.383000+00:00,-0.04283726307410818,-0.15307192248576906,-0.027080196080624175,2022-07-11 12:14:15.382000+00:00,-0.11652834644679688,0.00924876731712132,0.04747759012990338,WALKING
2022-07-11 12:14:15.385000+00:00,-0.027244134502380835,-0.1491069131961783,-0.03705751061337559,2022-07-11 12:14:15.384000+00:00,-0.12437273674587568,0.016528781885005506,0.056612609033727335,WALKING
2022-07-11 12:14:15.389000+00:00,-0.008963189997048482,-0.14760860506378726,-0.04367982663644854,2022-07-11 12:14:15.388000+00:00,-0.13214275761412375,0.015478779849545266,0.06476762558242855,WALKING
2022-07-11 12:14:15.398000+00:00,0.012398253789136726,-0.14611410174934103,-0.037118512299165185,2022-07-11 12:14:15.397000+00:00,-0.13865276032989204,0.0057487611014543916,0.0697026329292103,WALKING
2022-07-11 12:14:15.409000+00:00,0.026954381813116157,-0.14526010853820592,-0.027293694383408007,2022-07-11 12:14:15.408000+00:00,-0.14043776327789415,-0.008391265683288962,0.06998263165055874,WALKING
2022-07-11 12:14:15.423000+00:00,0.030339882685185282,-0.15148592120112636,-0.03009969595493156,2022-07-11 12:14:15.422000+00:00,-0.13952776231070907,-0.026416301194555514,0.06830263249206436,WALKING
2022-07-11 12:14:15.431000+00:00,0.031224384336695055,-0.15212641914846958,-0.013225566930029742,2022-07-11 12:14:15.430000+00:00,-0.13917777244702745,-0.04650633752137234,0.0687226339892888,WALKING
2022-07-11 12:14:15.440000+00:00,0.039680510166522076,-0.15111991716437256,0.006397376675274735,2022-07-11 12:14:15.440000+00:00,-0.13777775834907513,-0.05595635754811468,0.06840762945116885,WALKING
2022-07-11 12:14:15.453000+00:00,0.04669932651075581,-0.15090642190058068,0.03093082075150133,2022-07-11 12:14:15.452000+00:00,-0.1319327500351083,-0.05672635915462554,0.0637876198121039,WALKING
2022-07-11 12:14:15.459000+00:00,0.036047197733349634,-0.14785641662489069,0.04051544889801284,2022-07-11 12:14:15.459000+00:00,-0.12160773485795218,-0.047346340515821095,0.055527606304298205,WALKING
2022-07-11 12:14:15.477000+00:00,0.020850567963287103,-0.13714328920068675,0.041338948863733016,2022-07-11 12:14:15.476000+00:00,-0.11054333535695415,-0.02900630473543664,0.04656758916271819,WALKING
2022-07-11 12:14:15.477000+00:00,0.0030576259279258,-0.1269829787275425,0.03077832109551526,2022-07-11 12:14:15.478000+00:00,-0.0992383144094734,-0.012311273396180322,0.03869257475056731,WALKING
2022-07-11 12:14:15.529000+00:00,-0.013176004010010733,-0.12176365589275129,0.02031300523241475,2022-07-11 12:14:15.529000+00:00,-0.09003329411771133,-0.0017762534148600961,0.03354756323997177,WALKING
2022-07-11 12:14:15.529000+00:00,-0.02507481998227179,-0.11651384589052916,0.016710192122641132,2022-07-11 12:14:15.529000+00:00,-0.0827532863802305,0.004278757995670013,0.03162256093129545,WALKING
2022-07-11 12:14:15.530000+00:00,-0.036977448369957644,-0.1148668459590888,0.01842200615529599,2022-07-11 12:14:15.530000+00:00,-0.07445826705565362,0.01148877160251649,0.03337256489292928,WALKING
2022-07-11 12:14:15.530000+00:00,-0.0450637623060941,-0.11224384336695026,0.015795192667228397,2022-07-11 12:14:15.530000+00:00,-0.06367824456450166,0.018558786275588712,0.03925257560846607,WALKING
2022-07-11 12:14:15.531000+00:00,-0.050130576367923174,-0.10925103192011287,0.012531691367998699,2022-07-11 12:14:15.531000+00:00,-0.0513932246770995,0.021463790939387994,0.04793259061349597,WALKING
2022-07-11 12:14:15.539000+00:00,-0.052570579980676824,-0.11010503728721588,0.0061838768529949295,2022-07-11 12:14:15.532000+00:00,-0.03921319833360015,0.019923787726366493,0.058677610703077976,WALKING
2022-07-11 12:14:15.574000+00:00,-0.04903257641362968,-0.11163002776909303,-0.0011094378653475623,2022-07-11 12:14:15.574000+00:00,-0.029763181722059384,0.018943787078844254,0.07019263239917106,WALKING
2022-07-11 12:14:15.574000+00:00,-0.04015326183517187,-0.11300635076385668,-0.00831125252418674,2022-07-11 12:14:15.574000+00:00,-0.02283316897106258,0.017508784240128472,0.08020265669901372,WALKING
2022-07-11 12:14:15.574000+00:00,-0.02883013274803159,-0.11440934395213853,-0.009775252716494154,2022-07-11 12:14:15.574000+00:00,-0.016253156329352203,0.012608774172114146,0.087552669239634,WALKING
2022-07-11 12:14:15.574000+00:00,-0.015250005105506559,-0.1130368500872555,-0.008860252501333488,2022-07-11 12:14:15.575000+00:00,-0.009323142724554923,0.008688766459222785,0.09080767059751826,WALKING
2022-07-11 12:14:15.582000+00:00,-0.0027373758146321814,-0.11114203859471172,-0.006969251904718643,2022-07-11 12:14:15.582000+00:00,-0.0025681298147512965,0.009073767262478105,0.08874266892816762,WALKING
2022-07-11 12:14:15.597000+00:00,0.004128938594371467,-0.10848853667917435,-0.007914752203026065,2022-07-11 12:14:15.597000+00:00,0.0036968819174909573,0.013798776422049075,0.08352766286003743,WALKING
2022-07-11 12:14:15.609000+00:00,0.007544939549587459,-0.1050115287199328,-0.008067252618760179,2022-07-11 12:14:15.608000+00:00,0.00835189096982436,0.02167379168800032,0.0778576494779113,WALKING
2022-07-11 12:14:15.615000+00:00,0.010507253192521882,-0.10153071594274632,-0.008860252501333488,2022-07-11 12:14:15.615000+00:00,0.011571896756542133,0.031473811824029196,0.0725026406339051,WALKING
2022-07-11 12:14:15.625000+00:00,0.01428925362600375,-0.09615890256894499,-0.010903753513682557,2022-07-11 12:14:15.624000+00:00,0.013916901416243244,0.04068320357388555,0.06651762954406237,WALKING
2022-07-11 12:14:15.638000+00:00,0.014319754468898438,-0.09326139998823302,-0.011975065800254092,2022-07-11 12:14:15.637000+00:00,0.015316904414790278,0.04771821499158757,0.058747615506217654,WALKING
2022-07-11 12:14:15.645000+00:00,0.009618940645083285,-0.09228540340551872,-0.012310565955121144,2022-07-11 12:14:15.644000+00:00,0.017346908805373484,0.049923219436814215,0.05104759602590736,WALKING
2022-07-11 12:14:15.657000+00:00,0.0026611257967021906,-0.09353589997680645,-0.012219066465428696,2022-07-11 12:14:15.656000+00:00,0.021021915075683628,0.048243216863118166,0.044467585091797934,WALKING
2022-07-11 12:14:15.667000+00:00,-0.004052688766378321,-0.09503040329125256,-0.012676566193134953,2022-07-11 12:14:15.667000+00:00,0.025396923272167582,0.04659821327579028,0.03911257624779174,WALKING
2022-07-11 12:14:15.673000+00:00,-0.009725690556223077,-0.09606740459874852,-0.01587906732607125,2022-07-11 12:14:15.672000+00:00,0.02970193349591521,0.04551321054636115,0.03480756773164484,WALKING
2022-07-11 12:14:15.680000+00:00,-0.01152900331882234,-0.09698240253466517,-0.01878038080271205,2022-07-11 12:14:15.680000+00:00,0.033941315497419966,0.042853205617542134,0.03113255804613302,WALKING
2022-07-11 12:14:15.692000+00:00,-0.012840503855143681,-0.097840218797697,-0.021464382041648244,2022-07-11 12:14:15.691000+00:00,0.0379313228906486,0.039873824692509,0.027212552040842608,WALKING
2022-07-11 12:14:15.701000+00:00,-0.015616004583772325,-0.09811471878627032,-0.0237823822828227,2022-07-11 12:14:15.700000+00:00,0.04118632766373431,0.03826382350675095,0.023152544967276922,WALKING
2022-07-11 12:14:15.710000+00:00,-0.018025505834135203,-0.09793171676789347,-0.027964694693142,2022-07-11 12:14:15.709000+00:00,0.04335633312259257,0.03861382361603738,0.0191275368800794,WALKING
2022-07-11 12:14:15.720000+00:00,-0.01934081802613341,-0.09655540592909762,-0.03122819523262388,2022-07-11 12:14:15.719000+00:00,0.044406333450452085,0.039908827094078614,0.014612527615320392,WALKING
2022-07-11 12:14:15.734000+00:00,-0.02040831865702808,-0.09463389993109994,-0.03428201140424281,2022-07-11 12:14:15.733000+00:00,0.04500133670992046,0.04096320229523398,0.009257517917513836,WALKING
2022-07-11 12:14:15.739000+00:00,-0.02013381866845476,-0.09332240471301456,-0.03763700991392116,2022-07-11 12:14:15.739000+00:00,0.04542133820714489,0.04057820319957939,0.0033075062409395617,WALKING
2022-07-11 12:14:15.766000+00:00,-0.01827331739523863,-0.09390190401356024,-0.03958901219632571,2022-07-11 12:14:15.765000+00:00,0.04566633794212516,0.038508823241731216,-0.003311881327685562,WALKING
2022-07-11 12:14:15.767000+00:00,-0.017842505335254333,-0.09472540397928042,-0.041666825707246335,2022-07-11 12:14:15.767000+00:00,0.04510633708422662,0.037038821416647494,-0.010101894077657825,WALKING
2022-07-11 12:14:15.770000+00:00,-0.017995004991240404,-0.0968909045644687,-0.040934823711722634,2022-07-11 12:14:15.769000+00:00,0.043391332108960734,0.037073820403015656,-0.016296906769913244,WALKING
2022-07-11 12:14:15.779000+00:00,-0.01943231751582586,-0.1001582159998794,-0.03937551085454993,2022-07-11 12:14:15.778000+00:00,0.04080132856807972,0.03861382361603738,-0.021616916627551275,WALKING
2022-07-11 12:14:15.794000+00:00,-0.022634819408510087,-0.10427571582848028,-0.037606510590522335,2022-07-11 12:14:15.793000+00:00,0.0378613215027106,0.04134820480609025,-0.025781924075422902,WALKING
2022-07-11 12:14:15.803000+00:00,-0.027732132793737985,-0.11007453796381705,-0.035258011025949054,2022-07-11 12:14:15.803000+00:00,0.03534131593456591,0.045688212308605314,-0.02851193039217992,WALKING
2022-07-11 12:14:15.813000+00:00,-0.03496444744075544,-0.11819134514536833,-0.03894851120999043,2022-07-11 12:14:15.812000+00:00,0.033836315123114025,0.05044822130834459,-0.029736932482283263,WALKING
2022-07-11 12:14:15.821000+00:00,-0.044514762328947244,-0.12805047935843716,-0.0495701406639979,2022-07-11 12:14:15.821000+00:00,0.031136932919429094,0.05489322918516559,-0.029386932372996832,WALKING
2022-07-11 12:14:15.836000+00:00,-0.06007739461626771,-0.13674678584053412,-0.060645455151042804,2022-07-11 12:14:15.835000+00:00,0.025781924075422902,0.06003824069576136,-0.02641192632125955,WALKING
2022-07-11 12:14:15.837000+00:00,-0.0768028333616162,-0.14385710319395628,-0.07029108194435196,2022-07-11 12:14:15.836000+00:00,0.01797690934360907,0.06560325028837966,-0.019166912447344475,WALKING
2022-07-11 12:14:15.852000+00:00,-0.09169446533920256,-0.14880191996219005,-0.07489658310330194,2022-07-11 12:14:15.853000+00:00,0.008701891932911154,0.0701532619547085,-0.008106890381043619,WALKING
2022-07-11 12:14:15.861000+00:00,-0.10118377854160476,-0.14816142201484683,-0.07303608183008581,2022-07-11 12:14:15.860000+00:00,-4.8125093736639535e-05,0.07060826243830087,0.00540751031185982,WALKING
2022-07-11 12:14:15.870000+00:00,-0.10136678055998172,-0.1463276091691007,-0.06992508398558206,2022-07-11 12:14:15.869000+00:00,-0.007188138813466027,0.0678782527063424,0.01986253779262137,WALKING
2022-07-11 12:14:15.879000+00:00,-0.09392096457118848,-0.14431460520090655,-0.06754227116268918,2022-07-11 12:14:15.878000+00:00,-0.013453150332258135,0.06843825697944261,0.033512564253603605,WALKING
2022-07-11 12:14:15.890000+00:00,-0.0886101498441848,-0.13933928910927385,-0.06159095848834217,2022-07-11 12:14:15.891000+00:00,-0.01901816163247727,0.07564826674418712,0.045167585310370795,WALKING
2022-07-11 12:14:15.899000+00:00,-0.08595664792864743,-0.13000247252386576,-0.05079014095087875,2022-07-11 12:14:15.900000+00:00,-0.02255316854211331,0.08355828355790784,0.05475760469778734,WALKING
2022-07-11 12:14:15.909000+00:00,-0.0847061513573597,-0.11584284861978711,-0.034190510395054385,2022-07-11 12:14:15.908000+00:00,-0.021573166186990234,0.08394328606876411,0.061792616115489585,WALKING
2022-07-11 12:14:15.919000+00:00,-0.07689433740979668,-0.09875521673361365,-0.01789206825527334,2022-07-11 12:14:15.918000+00:00,-0.015203154293892074,0.07529827005010237,0.06543262681463324,WALKING
2022-07-11 12:14:15.930000+00:00,-0.061789204090434535,-0.08395508880420777,-0.0007739377104806211,2022-07-11 12:14:15.929000+00:00,-0.0046331338320529936,0.059968242723025034,0.06452262584744806,WALKING
2022-07-11 12:14:15.933000+00:00,-0.04591776463420505,-0.08023027536184668,0.012806190596823974,2022-07-11 12:14:15.934000+00:00,0.008771891613248428,0.0439732107485411,0.059202615989810026,WALKING
2022-07-11 12:14:15.949000+00:00,-0.03041613403267429,-0.08453458810475334,0.010976190926250684,2022-07-11 12:14:15.966000+00:00,0.02182691737616338,0.03616381943583047,0.05132759816245769,WALKING
2022-07-11 12:14:15.967000+00:00,-0.006767189328713452,-0.09951771805253617,0.0031033758627090346,2022-07-11 12:14:15.967000+00:00,0.031206934307367096,0.038858823351017646,0.04184257914934708,WALKING
2022-07-11 12:14:15.969000+00:00,0.01929506752153909,-0.12133666536516774,-0.0030309384501407965,2022-07-11 12:14:15.968000+00:00,0.03716132128413774,0.049678219701833726,0.029872556969661623,WALKING
2022-07-11 12:14:16.014000+00:00,0.03452219813449653,-0.14989991991648366,-0.013835567073470223,2022-07-11 12:14:16.014000+00:00,0.04136132942597848,0.06353824861902901,0.01527752884752509,WALKING
2022-07-11 12:14:16.015000+00:00,0.034552697457895354,-0.18001867642904346,-0.032722698547070106,2022-07-11 12:14:16.014000+00:00,0.04223633140679528,0.0755782687714508,0.00018812535490342341,WALKING
2022-07-11 12:14:16.015000+00:00,0.028601384783548456,-0.20116662039294897,-0.05271163783190047,2022-07-11 12:14:16.015000+00:00,0.03702132192346341,0.08240328285574239,-0.011746897664985712,WALKING
2022-07-11 12:14:16.016000+00:00,0.017522254842086582,-0.21215424172774233,-0.0672067725273181,2022-07-11 12:14:16.015000+00:00,0.026551925681933763,0.08366328734741568,-0.01930691180801869,WALKING
2022-07-11 12:14:16.016000+00:00,-0.0018528754926814273,-0.2053184304408775,-0.07700489593762139,2022-07-11 12:14:16.016000+00:00,0.01332190071817596,0.08079328166998434,-0.021896917056500542,WALKING
2022-07-11 12:14:16.027000+00:00,-0.025719131864535894,-0.17962217306889083,-0.06437026859340378,2022-07-11 12:14:16.020000+00:00,-0.0010281269219046818,0.0737932658234488,-0.019236912127681527,TURN_TO_SIT
2022-07-11 12:14:16.060000+00:00,-0.03594044706246169,-0.14871042199199358,-0.024514382758850428,2022-07-11 12:14:16.059000+00:00,-0.010548144814658378,0.06084324470384184,-0.01293689991492053,TURN_TO_SIT
2022-07-11 12:14:16.060000+00:00,-0.02983663473212861,-0.12231265586989803,0.010640690771383632,2022-07-11 12:14:16.060000+00:00,-0.008273140689094793,0.041418202778826574,-0.0074418891488388095,TURN_TO_SIT
2022-07-11 12:14:16.060000+00:00,-0.015890504572345754,-0.10448922324823995,0.013629692082040235,2022-07-11 12:14:16.060000+00:00,0.0017718784348390582,0.020028788100672434,-0.005166885023275336,TURN_TO_SIT
2022-07-11 12:14:16.060000+00:00,-0.0006633751939788546,-0.0996702146695303,0.007708877211596077,2022-07-11 12:14:16.060000+00:00,0.010486894880913367,0.002458754780599204,-0.006636887702159422,TURN_TO_SIT
2022-07-11 12:14:16.071000+00:00,0.011025753086521872,-0.09924321806396275,0.0033473759580726625,2022-07-11 12:14:16.071000+00:00,0.01577190489838265,-0.005836261128775999,-0.012166898308409668,TURN_TO_SIT
2022-07-11 12:14:16.081000+00:00,0.014106254646618632,-0.09423740264893132,0.011006691009397551,2022-07-11 12:14:16.081000+00:00,0.018396910840833502,-0.004751259253147344,-0.022421917220430188,TURN_TO_SIT
2022-07-11 12:14:16.090000+00:00,0.008703940429922508,-0.09167540478157432,0.02235650700451175,2022-07-11 12:14:16.089000+00:00,0.021021915075683628,0.002598754995073893,-0.035126943727859294,TURN_TO_SIT
2022-07-11 12:14:16.107000+00:00,0.0026001258203454114,-0.09536590192662364,0.03206313396411464,2022-07-11 12:14:16.106000+00:00,0.024066920807757963,0.010123769297938345,-0.04657196403601427,TURN_TO_SIT
2022-07-11 12:14:16.116000+00:00,-0.006675689839021004,-0.10473703480934338,0.04185744951748105,2022-07-11 12:14:16.114000+00:00,0.027286926594475736,0.019363786868467736,-0.056476984546349196,TURN_TO_SIT
2022-07-11 12:14:16.123000+00:00,-0.017751005845561885,-0.11648334656713033,0.046954762902708946,2022-07-11 12:14:16.121000+00:00,0.03166193479095969,0.03325881477203119,-0.06386199607333776,TURN_TO_SIT
2022-07-11 12:14:16.137000+00:00,-0.029806132369737837,-0.13079547924417112,0.041552450205508684,2022-07-11 12:14:16.136000+00:00,0.037056320909831575,0.05086822280556902,-0.06778200549382996,TURN_TO_SIT
2022-07-11 12:14:16.147000+00:00,-0.04247126207634633,-0.14489410450145213,0.027911320877194168,2022-07-11 12:14:16.146000+00:00,0.04185132889593901,0.06777325574723791,-0.06676700073713715,TURN_TO_SIT
2022-07-11 12:14:16.166000+00:00,-0.05534989008573843,-0.15246192386182456,0.013721191571732572,2022-07-11 12:14:16.164000+00:00,0.044476334838389864,0.08089827862908883,-0.06092199242317031,TURN_TO_SIT
2022-07-11 12:14:16.167000+00:00,-0.06755370992845966,-0.1519129238846778,0.008166377699050376,2022-07-11 12:14:16.167000+00:00,0.04654133992294218,0.08852829672146112,-0.05091197153852922,TURN_TO_SIT
2022-07-11 12:14:16.172000+00:00,-0.07295602262565992,-0.14452810046469833,0.0030118758032056103,2022-07-11 12:14:16.173000+00:00,0.050076346832578,0.09251830411468953,-0.038311947113007117,TURN_TO_SIT
2022-07-11 12:14:16.182000+00:00,-0.06850301808370407,-0.13320497441655,-0.005749251617837792,2022-07-11 12:14:16.181000+00:00,0.05378635208925653,0.09381330759273099,-0.025956924130066228,TURN_TO_SIT
2022-07-11 12:14:16.191000+00:00,-0.056966390693779956,-0.12325815920719752,-0.01584856648317634,2022-07-11 12:14:16.191000+00:00,0.05595635754811479,0.09104829887440413,-0.016016906340963866,TURN_TO_SIT
2022-07-11 12:14:16.200000+00:00,-0.045948263957603874,-0.11739835058103099,-0.018532567722112647,2022-07-11 12:14:16.200000+00:00,0.05637635904533922,0.0847132842600733,-0.01031189482627004,TURN_TO_SIT
2022-07-11 12:14:16.210000+00:00,-0.03871594931058642,-0.11489734528248763,-0.014781067371777645,2022-07-11 12:14:16.211000+00:00,0.05606135792242073,0.07946327920557494,-0.008631891398773739,TURN_TO_SIT
2022-07-11 12:14:16.231000+00:00,-0.03551344741790219,-0.11584284861978711,-0.005810251784131415,2022-07-11 12:14:16.232000+00:00,0.055466354662952355,0.07907827669471867,-0.009821893648708557,TURN_TO_SIT
2022-07-11 12:14:16.234000+00:00,-0.033561448174489694,-0.11782534110861453,0.004079376054226369,2022-07-11 12:14:16.233000+00:00,0.055851357173808625,0.0827182805634592,-0.01223689798874672,TURN_TO_SIT
2022-07-11 12:14:16.241000+00:00,-0.03160563499615632,-0.11886234241611049,0.011738690725677348,2022-07-11 12:14:16.240000+00:00,0.05735635798526051,0.08796829244836069,-0.015141904360146952,TURN_TO_SIT
2022-07-11 12:14:16.257000+00:00,-0.030965134009821038,-0.11907965465381509,0.014422691204865501,2022-07-11 12:14:16.256000+00:00,0.05917635991963066,0.09314830636052607,-0.01829191046652745,TURN_TO_SIT
2022-07-11 12:14:16.262000+00:00,-0.03154463331036661,-0.11901485118907251,0.012562191451145344,2022-07-11 12:14:16.259000+00:00,0.06127636740575282,0.0955283057375933,-0.02070691395276525,TURN_TO_SIT
2022-07-11 12:14:16.265000+00:00,-0.03191063430812846,-0.11837435324172918,0.008227377105596068,2022-07-11 12:14:16.265000+00:00,0.06253637189742589,0.09524830701624487,-0.02217691748544992,TURN_TO_SIT
2022-07-11 12:14:16.292000+00:00,-0.03331744750931509,-0.11706284586767601,0.0032863757917789282,2022-07-11 12:14:16.294000+00:00,0.06264136885653038,0.09314830636052607,-0.023016918772297834,TURN_TO_SIT
2022-07-11 12:14:16.296000+00:00,-0.03475094913797172,-0.11721534248467014,-0.001749937996966322,2022-07-11 12:14:16.294000+00:00,0.06194136863795752,0.08933329389913847,-0.02294691909196067,TURN_TO_SIT
2022-07-11 12:14:16.299000+00:00,-0.03597094942485257,-0.11870984579911636,-0.004220438843811847,2022-07-11 12:14:16.298000+00:00,0.05984136115183558,0.085518288268154,-0.022036916417174757,TURN_TO_SIT
2022-07-11 12:14:16.306000+00:00,-0.03651994940199932,-0.12100116065181277,-0.0054137514629707395,2022-07-11 12:14:16.305000+00:00,0.05602635552085111,0.08446828452509303,-0.019971913040223388,TURN_TO_SIT
2022-07-11 12:14:16.321000+00:00,-0.035909947739062864,-0.12316666123700104,-0.005078251308103687,2022-07-11 12:14:16.320000+00:00,0.050566346302538756,0.08670828795668761,-0.017101907362792268,TURN_TO_SIT
2022-07-11 12:14:16.324000+00:00,-0.036062447395049047,-0.12475266252164374,-0.002054938068686618,2022-07-11 12:14:16.325000+00:00,0.044546336226327865,0.09125829962301646,-0.013881901576074607,TURN_TO_SIT
2022-07-11 12:14:16.351000+00:00,-0.03511694709674151,-0.1265254767205921,0.0027030633160605166,2022-07-11 12:14:16.353000+00:00,0.038771322469895786,0.09692831300514237,-0.010416895200576204,TURN_TO_SIT
2022-07-11 12:14:16.354000+00:00,-0.03295144651155324,-0.12841647123922317,0.00847137777077056,2022-07-11 12:14:16.353000+00:00,0.033836315123114025,0.10263331854323354,-0.006951888398177508,TURN_TO_SIT
2022-07-11 12:14:16.358000+00:00,-0.029684135076142537,-0.12984997590687164,0.012348690869117718,2022-07-11 12:14:16.358000+00:00,0.031031935960324608,0.10756833272041844,-0.004221882935220966,TURN_TO_SIT
2022-07-11 12:14:16.363000+00:00,-0.026878133504618984,-0.12997197320046694,0.008959377581623684,2022-07-11 12:14:16.364000+00:00,0.031101933933060932,0.11029833562197378,-0.0029618805780488033,TURN_TO_SIT
2022-07-11 12:14:16.379000+00:00,-0.02706113248400399,-0.12801998003503834,0.00017156255221362215,2022-07-11 12:14:16.380000+00:00,0.0314869364439172,0.11026333663560561,-0.0030668809523549667,TURN_TO_SIT
2022-07-11 12:14:16.398000+00:00,-0.02953163238116452,-0.12643397875039564,-0.006084751772704844,2022-07-11 12:14:16.399000+00:00,0.029456930345733046,0.10924833187891281,-0.0033818814349229065,TURN_TO_SIT
2022-07-11 12:14:16.400000+00:00,-0.03111763366580711,-0.12600315909293136,-0.010629252765361086,2022-07-11 12:14:16.400000+00:00,0.025256923911493256,0.10837332989809578,-0.002926880524430131,TURN_TO_SIT
2022-07-11 12:14:16.408000+00:00,-0.03276844753216834,-0.1253016624987905,-0.014659067039190399,2022-07-11 12:14:16.407000+00:00,0.01972691330524312,0.10746332893091082,-0.002401879506700122,TURN_TO_SIT
2022-07-11 12:14:16.414000+00:00,-0.03651994940199932,-0.1257896638291396,-0.013012065588254074,2022-07-11 12:14:16.413000+00:00,0.01276189900647684,0.10690333148821374,-0.0025068798810061743,TURN_TO_SIT
2022-07-11 12:14:16.430000+00:00,-0.04213576344097525,-0.12676947130778282,-0.000895937758162324,2022-07-11 12:14:16.429000+00:00,0.004851884327257139,0.10910833593344016,-0.0020168789168947265,TURN_TO_SIT
2022-07-11 12:14:16.446000+00:00,-0.04356926203063982,-0.12447815645508642,0.020740006396470223,2022-07-11 12:14:16.445000+00:00,-0.002288129385801918,0.1177533519521019,0.0008575016338323582,TURN_TO_SIT
2022-07-11 12:14:16.462000+00:00,-0.035543946741301014,-0.11855734918212213,0.03865494762479682,2022-07-11 12:14:16.463000+00:00,-0.006698137635904544,0.13367838253864783,0.005302509937553657,TURN_TO_SIT
2022-07-11 12:14:16.464000+00:00,-0.020621818479307885,-0.11443984327553736,0.04429745009124275,2022-07-11 12:14:16.463000+00:00,-0.005228134957020347,0.1466984016309909,0.008487516311002974,TURN_TO_SIT
2022-07-11 12:14:16.465000+00:00,-0.008444690103048602,-0.11413485004154911,0.037522637451175456,2022-07-11 12:14:16.465000+00:00,0.0004068757834045922,0.15075840699695586,0.008662516365646189,TURN_TO_SIT
2022-07-11 12:14:16.511000+00:00,-0.0034388758276390208,-0.11834384176236246,0.021319505697015906,2022-07-11 12:14:16.511000+00:00,0.003346881381304234,0.14855340255172944,0.006422512080251241,TURN_TO_SIT
2022-07-11 12:14:16.511000+00:00,-0.00502868914783261,-0.126372980103598,0.010366190782810314,2022-07-11 12:14:16.511000+00:00,-0.0012031272967231166,0.14442339921302816,0.0029225056511341663,TURN_TO_SIT
2022-07-11 12:14:16.512000+00:00,-0.015006004440331955,-0.13857679386833532,0.018117005323827762,2022-07-11 12:14:16.512000+00:00,-0.011248146740832077,0.142008400849593,-0.00026687551556736633,TURN_TO_SIT
2022-07-11 12:14:16.512000+00:00,-0.02706113248400399,-0.15029642327663628,0.040698450916389683,2022-07-11 12:14:16.512000+00:00,-0.02076816388651037,0.14631339912013486,-0.001351877577964955,TURN_TO_SIT
2022-07-11 12:14:16.512000+00:00,-0.033713947830475766,-0.15697973794650688,0.05824358177052158,2022-07-11 12:14:16.513000+00:00,-0.025458173205912593,0.15929843288691647,-0.00033687564948592374,TURN_TO_SIT
2022-07-11 12:14:16.521000+00:00,-0.033622446821287344,-0.15429191973365786,0.05366857993497054,2022-07-11 12:14:16.521000+00:00,-0.025563173580218757,0.17543345739167115,0.0012775024907065724,TURN_TO_SIT
2022-07-11 12:14:16.547000+00:00,-0.03417144679843409,-0.14745610844679313,0.02720982124406124,2022-07-11 12:14:16.547000+00:00,-0.024863173361645785,0.18383347367535263,0.0030625058656088555,TURN_TO_SIT
2022-07-11 12:14:16.547000+00:00,-0.037038447016755294,-0.13985778976302188,-0.009317752988787786,2022-07-11 12:14:16.547000+00:00,-0.029203180864160738,0.18092847584195648,0.006737512776269217,TURN_TO_SIT
2022-07-11 12:14:16.548000+00:00,-0.043233763395268854,-0.13369679272081192,-0.03501401036077456,2022-07-11 12:14:16.547000+00:00,-0.042573206896193705,0.17207345907468263,0.012547524238369023,TURN_TO_SIT
2022-07-11 12:14:16.570000+00:00,-0.04744657512898698,-0.13006347117066341,-0.05292513917367625,2022-07-11 12:14:16.569000+00:00,-0.06280324258368475,0.16325344129377672,0.02122754095099988,TURN_TO_SIT
2022-07-11 12:14:16.570000+00:00,-0.053485577916593474,-0.12920947795952842,-0.07090108056829636,2022-07-11 12:14:16.571000+00:00,-0.0852032905604373,0.15166842162494754,0.03302256478364285,TURN_TO_SIT
2022-07-11 12:14:16.579000+00:00,-0.05800339200127591,-0.13082597856756994,-0.0909815239013072,2022-07-11 12:14:16.580000+00:00,-0.10623833025600893,0.1329083775169353,0.04891259296861894,TURN_TO_SIT
2022-07-11 12:14:16.596000+00:00,-0.057179892035555735,-0.12960598131968104,-0.07929239989438897,2022-07-11 12:14:16.593000+00:00,-0.1236377307105313,0.11166333707275133,0.06742763051124756,TURN_TO_SIT
2022-07-11 12:14:16.600000+00:00,-0.04811757543872108,-0.1254236597923858,-0.04963113931079555,2022-07-11 12:14:16.600000+00:00,-0.12850274008457674,0.1013733208819636,0.08496266228355132,TURN_TO_SIT
2022-07-11 12:14:16.609000+00:00,-0.02925713239259109,-0.12319716056039987,-0.028666197365266877,2022-07-11 12:14:16.608000+00:00,-0.1234627357786906,0.11208333856997577,0.09784268543042196,TURN_TO_SIT
2022-07-11 12:14:16.633000+00:00,0.0030576259279258,-0.12646447807379446,0.0039268760183661655,2022-07-11 12:14:16.632000+00:00,-0.11989272988268651,0.14512340626200437,0.10253269304222346,TURN_TO_SIT
2022-07-11 12:14:16.634000+00:00,0.0322346972167209,-0.13750929323744054,0.028521319501138453,2022-07-11 12:14:16.635000+00:00,-0.11785834891120639,0.17795346637501752,0.0988226912007466,TURN_TO_SIT
2022-07-11 12:14:16.640000+00:00,0.047858325111846955,-0.14641910713929718,0.05003526446280593,2022-07-11 12:14:16.639000+00:00,-0.11768335397936558,0.18344847116449636,0.09105267716290188,TURN_TO_SIT
2022-07-11 12:14:16.659000+00:00,0.04822432610960892,-0.1442536065541089,0.06926170850669777,2022-07-11 12:14:16.658000+00:00,-0.11061333332969048,0.1631834433210404,0.08051765440673031,TURN_TO_SIT
2022-07-11 12:14:16.661000+00:00,0.02854038309775886,-0.1361062878931909,0.05662708116248005,2022-07-11 12:14:16.660000+00:00,-0.08919329795366582,0.13178838263154136,0.06833763147843253,TURN_TO_SIT
2022-07-11 12:14:16.670000+00:00,0.0017766254747513255,-0.1299109745536693,0.02620331925996422,2022-07-11 12:14:16.671000+00:00,-0.059478236422661035,0.10116332013335128,0.06035761669197548,TURN_TO_SIT
2022-07-11 12:14:16.680000+00:00,-0.011224003247102154,-0.1274709800578916,-0.004803751319530258,2022-07-11 12:14:16.680000+00:00,-0.031198184560775055,0.08191328338578163,0.05640260828511523,TURN_TO_SIT
2022-07-11 12:14:16.699000+00:00,-0.02382431885249603,-0.13302197847615704,-0.017617568266700023,2022-07-11 12:14:16.700000+00:00,-0.008623141652181698,0.06616325456147987,0.051957600408294224,TURN_TO_SIT
2022-07-11 12:14:16.701000+00:00,-0.03682494871397157,-0.13778378714803008,-0.012859565932267891,2022-07-11 12:14:16.701000+00:00,0.006951888398177619,0.054613230463817164,0.050137595058722395,TURN_TO_SIT
2022-07-11 12:14:16.707000+00:00,-0.04164776211062615,-0.13357478327124872,-0.004372938879671939,2022-07-11 12:14:16.706000+00:00,0.018361910146864613,0.05132322328916161,0.05220260014327449,TURN_TO_SIT
2022-07-11 12:14:16.727000+00:00,-0.042654261055731224,-0.12939247389992137,0.004414876209093421,2022-07-11 12:14:16.726000+00:00,0.028371929323904865,0.05324822559783793,0.055947607801522636,TURN_TO_SIT
2022-07-11 12:14:16.728000+00:00,-0.03868544998718759,-0.12310566259020339,0.017415505690694832,2022-07-11 12:14:16.728000+00:00,0.039086323592814054,0.06003824069576136,0.059867617222014946,TURN_TO_SIT
2022-07-11 12:14:16.748000+00:00,-0.034140947475035266,-0.11773384313841806,0.027972319523991818,2022-07-11 12:14:16.747000+00:00,0.054066354225806634,0.0686832567144231,0.06277262188581423,TURN_TO_SIT
2022-07-11 12:14:16.749000+00:00,-0.025166319471964238,-0.11401284059198591,0.024342819506244062,2022-07-11 12:14:16.750000+00:00,0.07303638883682595,0.0750532703151221,0.06452262584744806,TURN_TO_SIT
2022-07-11 12:14:16.763000+00:00,-0.01259650394971712,-0.10946452718390476,0.01189119114141124,2022-07-11 12:14:16.762000+00:00,0.091971427876679,0.07648826973863598,0.06354262007712341,TURN_TO_SIT
2022-07-11 12:14:16.764000+00:00,-0.00026687508649725356,-0.10134772000235337,0.0009340627671274859,2022-07-11 12:14:16.765000+00:00,0.1070214564824079,0.0759282722959389,0.058957609424426405,TURN_TO_SIT
2022-07-11 12:14:16.782000+00:00,0.011727253479402622,-0.09368840267178447,-0.012371566121414768,2022-07-11 12:14:16.783000+00:00,0.11622646994376673,0.07687327224949225,0.051152596400213524,TURN_TO_SIT
2022-07-11 12:14:16.788000+00:00,0.021735069614796876,-0.08837758794478079,-0.019908881599900452,2022-07-11 12:14:16.788000+00:00,0.11976147685340255,0.07729327374671668,0.04089757919579373,TURN_TO_SIT
2022-07-11 12:14:16.794000+00:00,0.028021882444010826,-0.0831887765893563,-0.01694656795696592,2022-07-11 12:14:16.793000+00:00,0.1223864827958534,0.07771327524394112,0.028262554076302626,TURN_TO_SIT
2022-07-11 12:14:16.808000+00:00,0.028143882776598073,-0.08077927533899343,-0.013073065754547697,2022-07-11 12:14:16.809000+00:00,0.12648148714818652,0.08152828087492558,0.014227526812065072,TURN_TO_SIT
2022-07-11 12:14:16.817000+00:00,0.01877656838728714,-0.08621208735959252,-0.016153567314644568,2022-07-11 12:14:16.816000+00:00,0.13099650665855034,0.08828329698648063,0.0007175013659952434,TURN_TO_SIT
2022-07-11 12:14:16.839000+00:00,0.004586438701951634,-0.09759240115860957,-0.021860880843312946,2022-07-11 12:14:16.837000+00:00,0.13372650956010568,0.0939883025245718,-0.009296892630978437,TURN_TO_SIT
2022-07-11 12:14:16.839000+00:00,-0.006584189589580514,-0.1109895298217497,-0.016550067635805243,2022-07-11 12:14:16.840000+00:00,0.13376150854647384,0.09647331252155,-0.016296906769913244,TURN_TO_SIT
2022-07-11 12:14:16.858000+00:00,-0.02101831880046856,-0.12490515913863787,-0.0019329381159732817,2022-07-11 12:14:16.856000+00:00,0.13376150854647384,0.1005683168738829,-0.021651915613919326,TURN_TO_SIT
2022-07-11 12:14:16.858000+00:00,-0.03301244819734295,-0.13723478717088322,0.0007205627074264864,2022-07-11 12:14:16.859000+00:00,0.13446150193464335,0.10966833337613724,-0.02294691909196067,TURN_TO_SIT
2022-07-11 12:14:16.875000+00:00,-0.03780094833567782,-0.14297259850345445,-0.01481156669517647,2022-07-11 12:14:16.877000+00:00,0.13271149797300952,0.12142835480721059,-0.02109191475602068,TURN_TO_SIT
2022-07-11 12:14:16.877000+00:00,-0.03200213531731699,-0.14782591730149186,-0.04404582459521844,2022-07-11 12:14:16.878000+00:00,0.12427648270295988,0.13616337887481955,-0.02004191272056055,TURN_TO_SIT
2022-07-11 12:14:16.897000+00:00,-0.016531005558681033,-0.15368192110971346,-0.0752320817386729,2022-07-11 12:14:16.895000+00:00,0.10555145124212251,0.16031343081320593,-0.022071917111143757,TURN_TO_SIT
2022-07-11 12:14:16.897000+00:00,0.0017461255815414134,-0.15246192386182456,-0.09796984396113395,2022-07-11 12:14:16.898000+00:00,0.07622139905237724,0.19832787629647886,-0.025186922523555366,TURN_TO_SIT
2022-07-11 12:14:16.901000+00:00,0.012855753516842983,-0.14602260377914456,-0.10697115583318706,2022-07-11 12:14:16.901000+00:00,0.04104632830305999,0.23920796282949186,-0.026936926485189194,TURN_TO_SIT
2022-07-11 12:14:16.916000+00:00,0.010903753513682446,-0.14129509924861527,-0.09458052915414394,2022-07-11 12:14:16.915000+00:00,0.009156892416503748,0.2633930000934399,-0.025851923755760065,TURN_TO_SIT
2022-07-11 12:14:16.930000+00:00,0.008612440180482128,-0.13814979118478388,-0.07407308313758176,2022-07-11 12:14:16.929000+00:00,-0.00886814224096244,0.2504079663266583,-0.021616916627551275,TURN_TO_SIT
2022-07-11 12:14:16.945000+00:00,0.012062753634269674,-0.1368382959666985,-0.047709639390781766,2022-07-11 12:14:16.946000+00:00,-0.011493147329612818,0.1914284859509534,-0.01580690559235165,TURN_TO_SIT
2022-07-11 12:14:16.946000+00:00,0.02484988291371737,-0.12618997200723714,0.01655769246665506,2022-07-11 12:14:16.947000+00:00,-0.0044581333505094856,0.11376334455887349,-0.01097689605847485,TURN_TO_SIT
2022-07-11 12:14:16.994000+00:00,0.03873119897228583,-0.11306734941065433,0.04878476485252614,2022-07-11 12:14:16.993000+00:00,0.009961893863183136,0.0663732553100922,-0.01381190104193708,TURN_TO_SIT
2022-07-11 12:14:16.994000+00:00,0.04346251135975199,-0.1039402232710932,0.045948263957603874,2022-07-11 12:14:16.994000+00:00,0.020951915395346576,0.04841821862536211,-0.02280691802368562,TURN_TO_SIT
2022-07-11 12:14:16.995000+00:00,0.04898682742853144,-0.10299471993379372,0.04316895081355021,2022-07-11 12:14:16.994000+00:00,0.026656926056239927,0.04505821006276878,-0.03064693344946845,TURN_TO_SIT
2022-07-11 12:14:16.995000+00:00,0.04965782773826555,-0.11764234516822158,0.044632951765605666,2022-07-11 12:14:16.995000+00:00,0.03415131624603229,0.051743224786386044,-0.03628194443002475,TURN_TO_SIT
2022-07-11 12:14:16.996000+00:00,0.044377512334660585,-0.13689929461349615,0.039630950285495015,2022-07-11 12:14:16.996000+00:00,0.044126334729103434,0.06567324826111598,-0.039396949842436246,TURN_TO_SIT
2022-07-11 12:14:16.996000+00:00,0.03607769705674846,-0.14590060648554926,0.026782821599501627,2022-07-11 12:14:16.996000+00:00,0.05137134689541778,0.08156327986129353,-0.04310695851431623,TURN_TO_SIT
2022-07-11 12:14:17.034000+00:00,0.016271755231807017,-0.15267541912561633,0.0011780628624908918,2022-07-11 12:14:17.033000+00:00,0.05214134850192864,0.09507330525400093,-0.049651970462057604,TURN_TO_SIT
2022-07-11 12:14:17.034000+00:00,-0.0028288758741356057,-0.1491069131961783,-0.06363826659788008,2022-07-11 12:14:17.034000+00:00,0.04398633536842933,0.09640330771841032,-0.05444697844816515,TURN_TO_SIT
2022-07-11 12:14:17.034000+00:00,-0.030934634686422213,-0.1438876025173551,-0.04181932536323252,2022-07-11 12:14:17.034000+00:00,0.025221923217524367,0.08170328263716953,-0.05777198802439054,TURN_TO_SIT
2022-07-11 12:14:17.037000+00:00,-0.05778989065950013,-0.13628929598955175,-0.01694656795696592,2022-07-11 12:14:17.038000+00:00,0.014371902753636201,0.09080329913942387,-0.05735198652716611,TURN_TO_SIT
2022-07-11 12:14:17.049000+00:00,-0.09099296266707768,-0.13225947107925062,-0.015055567360351074,2022-07-11 12:14:17.049000+00:00,0.011991898253766342,0.11400834429385376,-0.05154197378436576,TURN_TO_SIT
2022-07-11 12:14:17.063000+00:00,-0.12214872048713343,-0.12994147387706811,-0.02491088156051513,2022-07-11 12:14:17.062000+00:00,0.007651889897451136,0.13409838403587226,-0.03848694887525117,TURN_TO_SIT
2022-07-11 12:14:17.069000+00:00,-0.11970872599135562,-0.12356316459715366,-0.01130025307509519,2022-07-11 12:14:17.068000+00:00,-0.0010281269219046818,0.14036339384706342,-0.020531913898122034,TURN_TO_SIT
2022-07-11 12:14:17.085000+00:00,-0.09340246391744056,-0.11175203721865623,0.012562191451145344,2022-07-11 12:14:17.083000+00:00,-0.004773134046527572,0.13644338442657133,-0.004851884327257139,TURN_TO_SIT
2022-07-11 12:14:17.089000+00:00,-0.06960101803799756,-0.10156121526614514,0.02385100727996603,2022-07-11 12:14:17.088000+00:00,-0.0024631296538952796,0.12884837215097056,0.004182507794856294,TURN_TO_SIT
2022-07-11 12:14:17.105000+00:00,-0.054251890131444935,-0.09863321944001835,0.033710133895554995,2022-07-11 12:14:17.104000+00:00,0.002156879131369527,0.11890834582386423,0.009362518291819999,TURN_TO_SIT
2022-07-11 12:14:17.108000+00:00,-0.04805657679192343,-0.10882402923656143,0.03685163714144157,2022-07-11 12:14:17.107000+00:00,0.008771891613248428,0.10980833615201302,0.01324752531074247,TURN_TO_SIT
2022-07-11 12:14:17.117000+00:00,-0.0424407627529475,-0.12472216319824492,0.034015136246519084,2022-07-11 12:14:17.116000+00:00,0.016366906450250296,0.10221332387641224,0.017202532863802356,TURN_TO_SIT
2022-07-11 12:14:17.140000+00:00,-0.03709944870254489,-0.13796679524439082,0.03395413456072949,2022-07-11 12:14:17.139000+00:00,0.023471919255890317,0.09696331199151054,0.020842540147744337,TURN_TO_SIT
2022-07-11 12:14:17.141000+00:00,-0.028616634445247868,-0.14477210720785683,0.03209363328751347,2022-07-11 12:14:17.141000+00:00,0.029736932482283374,0.09675331124289843,0.023852545185849783,TURN_TO_SIT
2022-07-11 12:14:17.159000+00:00,-0.014060504142024532,-0.14419260790731125,0.02321050629363075,2022-07-11 12:14:17.158000+00:00,0.034186315232400455,0.10112832114698311,0.024972548609248024,TURN_TO_SIT
2022-07-11 12:14:17.159000+00:00,0.0009226252359473275,-0.14272860391626385,0.007098877068155485,2022-07-11 12:14:17.160000+00:00,0.03478131507666715,0.10742832994454266,0.022417542347134223,TURN_TO_SIT
2022-07-11 12:14:17.171000+00:00,0.01093425283708127,-0.1413255985720141,-0.0068167522487324606,2022-07-11 12:14:17.170000+00:00,0.03138193606961104,0.10956333641703275,0.01660753131193471,TURN_TO_SIT
2022-07-11 12:14:17.176000+00:00,0.013801253815150627,-0.13811929186138505,-0.013927066563162671,2022-07-11 12:14:17.175000+00:00,0.02462692166565672,0.10882833038168838,0.008417515776865558,TURN_TO_SIT
2022-07-11 12:14:17.194000+00:00,0.00815493969302783,-0.13644179260654588,-0.015360566672323217,2022-07-11 12:14:17.192000+00:00,0.017031907682454994,0.10942333364115675,-2.1875041849583887e-05,TURN_TO_SIT
2022-07-11 12:14:17.199000+00:00,0.0008921252477689379,-0.13277797173299855,-0.013835567073470223,2022-07-11 12:14:17.198000+00:00,0.010941896218306324,0.1110333348269148,-0.006111886684429413,TURN_TO_SIT
2022-07-11 12:14:17.206000+00:00,-0.011559503401969207,-0.13021597994362544,-0.011086753252815496,2022-07-11 12:14:17.207000+00:00,0.006776887916634111,0.11222334134585177,-0.00992689402301461,TURN_TO_SIT
2022-07-11 12:14:17.219000+00:00,-0.02339731920793653,-0.12792846990887397,-0.010659752848507953,2022-07-11 12:14:17.219000+00:00,0.004256883202289785,0.11211833755634393,-0.010416895200576204,TURN_TO_SIT
2022-07-11 12:14:17.229000+00:00,-0.02806763446810101,-0.12527116317539166,-0.0103242526936409,2022-07-11 12:14:17.228000+00:00,0.002786880309955553,0.10875833240895205,-0.008176890915181145,TURN_TO_SIT
2022-07-11 12:14:17.240000+00:00,-0.02898263240401766,-0.12572866518234194,-0.00971425255020053,2022-07-11 12:14:17.239000+00:00,0.0018068783817326572,0.10179332237918803,-0.005096884916037991,TURN_TO_SIT
2022-07-11 12:14:17.259000+00:00,-0.02620713319488499,-0.12679997063118165,-0.006938751821571776,2022-07-11 12:14:17.258000+00:00,0.0006868762923977201,0.09276330384967002,-0.0014218776852022996,TURN_TO_SIT
2022-07-11 12:14:17.260000+00:00,-0.021597818101014132,-0.12646447807379446,-0.00339693849821765,2022-07-11 12:14:17.260000+00:00,-0.00046812590391853703,0.08464328628733697,0.002222504151860649,TURN_TO_SIT
2022-07-11 12:14:17.264000+00:00,-0.016409005226093676,-0.1253016624987905,-0.0016584379374628977,2022-07-11 12:14:17.263000+00:00,-0.0016231281535972197,0.08037328017276013,0.0050225095086045,TURN_TO_SIT
2022-07-11 12:14:17.272000+00:00,-0.012291503877996823,-0.12359366392055249,-0.00019443755521852957,2022-07-11 12:14:17.271000+00:00,-0.003863132225542132,0.08107328039133299,0.006527512454557405,TURN_TO_SIT
2022-07-11 12:14:17.287000+00:00,-0.008841190424209278,-0.12127565456240219,0.0003240625999447744,2022-07-11 12:14:17.288000+00:00,-0.00715313854639732,0.08464328628733697,0.007437514275542734,TURN_TO_SIT
2022-07-11 12:14:17.297000+00:00,-0.0064316891738464,-0.11917116477997947,0.003499875993932644,2022-07-11 12:14:17.296000+00:00,-0.010548144814658378,0.0871982942570515,0.00817251604188507,TURN_TO_SIT
2022-07-11 12:14:17.304000+00:00,-0.005852189113552786,-0.11779484178521571,0.011647191235984788,2022-07-11 12:14:17.303000+00:00,-0.013068150382803068,0.08908829416415798,0.008662516365646189,TURN_TO_SIT
2022-07-11 12:14:17.311000+00:00,-0.00704168931728677,-0.1181608458219695,0.012074190880544178,2022-07-11 12:14:17.310000+00:00,-0.01471315311633048,0.089963296144975,0.008977517488564457,TURN_TO_SIT
2022-07-11 12:14:17.319000+00:00,-0.009756190639369833,-0.11911015397721392,0.014483691371159235,2022-07-11 12:14:17.319000+00:00,-0.017128158310169117,0.08709329046754388,0.009887519309550008,TURN_TO_SIT
2022-07-11 12:14:17.329000+00:00,-0.013206503333409558,-0.12072665458525544,0.021045005708442588,2022-07-11 12:14:17.328000+00:00,-0.019473162116069864,0.08243828184211055,0.011637522417383472,TURN_TO_SIT
2022-07-11 12:14:17.337000+00:00,-0.014274003964304227,-0.12399016728070511,0.02369850762397996,2022-07-11 12:14:17.337000+00:00,-0.02045316447119294,0.07858827722475792,0.014402526866708287,TURN_TO_SIT
2022-07-11 12:14:17.348000+00:00,-0.009939190378502771,-0.126738971984384,0.02171600601817647,2022-07-11 12:14:17.348000+00:00,-0.02031316340291789,0.0750532703151221,0.017237533557771245,TURN_TO_SIT
2022-07-11 12:14:17.357000+00:00,-0.009573190140488963,-0.13082597856756994,0.017842505335254222,2022-07-11 12:14:17.357000+00:00,-0.020523164151529993,0.0723232605831634,0.018882535437498182,TURN_TO_SIT
2022-07-11 12:14:17.367000+00:00,-0.008444690103048602,-0.13244247917561147,0.012714691107131415,2022-07-11 12:14:17.367000+00:00,-0.021713167255265287,0.07162326036459055,0.020807539453775448,TURN_TO_SIT
2022-07-11 12:14:17.378000+00:00,-0.005577689124979357,-0.1329609798293594,0.006854877162729034,2022-07-11 12:14:17.377000+00:00,-0.023743169938247655,0.07144825860234638,0.0226975427760836,TURN_TO_SIT
2022-07-11 12:14:17.389000+00:00,-0.0017308755399680908,-0.1318934791984646,0.005024876352533791,2022-07-11 12:14:17.388000+00:00,-0.02675317668395394,0.07123826468413763,0.023992546254124836,TURN_TO_SIT
2022-07-11 12:14:17.401000+00:00,0.002142625712765245,-0.13085647789096877,0.00459787632810027,2022-07-11 12:14:17.400000+00:00,-0.0299731824706716,0.0721132598345513,0.024377547057380378,TURN_TO_SIT
2022-07-11 12:14:17.412000+00:00,0.005104938975825757,-0.1275929773514869,0.009294877736490736,2022-07-11 12:14:17.411000+00:00,-0.03294818852240888,0.07627826899002388,0.023887545879818672,TURN_TO_SIT
2022-07-11 12:14:17.431000+00:00,0.0004041251045261429,-0.13067346979460792,0.007434377223022537,2022-07-11 12:14:17.430000+00:00,-0.03539819270261568,0.08499328981182508,0.02301254389900187,TURN_TO_SIT
2022-07-11 12:14:17.431000+00:00,-0.006980689910741189,-0.13442878863835173,0.004231876090086351,2022-07-11 12:14:17.432000+00:00,-0.0381281990193727,0.09195829984158932,0.024902547221310023,TURN_TO_SIT
2022-07-11 12:14:17.487000+00:00,-0.007651689460727251,-0.1343982893149529,0.011311691081117736,2022-07-11 12:14:17.487000+00:00,-0.04036820245096728,0.09433830604905968,0.02952255686037497,TURN_TO_SIT
2022-07-11 12:14:17.487000+00:00,-0.004266188588658126,-0.1312529812511214,0.01909300494553401,2022-07-11 12:14:17.487000+00:00,-0.039038199986557776,0.09206330363109694,0.03354756323997177,TURN_TO_SIT
2022-07-11 12:14:17.488000+00:00,-0.000937875277520761,-0.12920947795952842,0.014422691204865501,2022-07-11 12:14:17.488000+00:00,-0.035083191579697415,0.08569329003039794,0.03582256907313619,TURN_TO_SIT
2022-07-11 12:14:17.488000+00:00,-0.0005413751462970406,-0.12744048073449277,0.004048876350953412,2022-07-11 12:14:17.488000+00:00,-0.03280818916173467,0.07746827550896063,0.037362572286157913,TURN_TO_SIT
2022-07-11 12:14:17.489000+00:00,-0.003469375910785888,-0.12631196930083244,-0.0016889380206097648,2022-07-11 12:14:17.488000+00:00,-0.032563186011552725,0.06938325693299596,0.0396025757177525,TURN_TO_SIT
2022-07-11 12:14:17.497000+00:00,-0.006889189661300699,-0.128446970562622,-0.002054938068686618,2022-07-11 12:14:17.489000+00:00,-0.032213185902266184,0.06339824584315323,0.04292758187877621,TURN_TO_SIT
2022-07-11 12:14:17.497000+00:00,-0.004967688981538987,-0.1283249732690266,-0.003793438439504415,2022-07-11 12:14:17.497000+00:00,-0.031548184670061485,0.06052824016572189,0.04607758969275744,TURN_TO_SIT
2022-07-11 12:14:17.530000+00:00,-0.007072189400433637,-0.1288129745993758,-0.008890752584480355,2022-07-11 12:14:17.530000+00:00,-0.029413181612772954,0.05489322918516559,0.04817759376367792,TURN_TO_SIT
2022-07-11 12:14:17.530000+00:00,-0.008871689747608102,-0.12920947795952842,-0.01163956564538704,2022-07-11 12:14:17.530000+00:00,-0.027208177167546532,0.04624821316650385,0.05076759730455893,TURN_TO_SIT
2022-07-11 12:14:17.531000+00:00,-0.010701690937677366,-0.1307649799207723,-0.013927066563162671,2022-07-11 12:14:17.531000+00:00,-0.025878174703137025,0.03619881842219863,0.053742603356296215,TURN_TO_SIT
2022-07-11 12:14:17.533000+00:00,-0.01460950411917128,-0.13171047110210377,-0.012371566121414768,2022-07-11 12:14:17.533000+00:00,-0.024863173361645785,0.024368797310788226,0.05748761101454436,TURN_TO_SIT
2022-07-11 12:14:17.543000+00:00,-0.018974818547867534,-0.1321069744622565,-0.007884252119879198,2022-07-11 12:14:17.544000+00:00,-0.022413167473838147,0.013588775673436748,0.0616876191563851,TURN_TO_SIT
2022-07-11 12:14:17.563000+00:00,-0.02556663220854971,-0.13085647789096877,-0.005627251665124455,2022-07-11 12:14:17.561000+00:00,-0.01828316071993541,0.005818761208691736,0.0653276230251254,TURN_TO_SIT
2022-07-11 12:14:17.571000+00:00,-0.031514133986967785,-0.12572866518234194,-0.0073657522258793184,2022-07-11 12:14:17.570000+00:00,-0.014643153435993428,0.0029487557447107626,0.06781263302210383,TURN_TO_SIT
2022-07-11 12:14:17.580000+00:00,-0.033713947830475766,-0.11883184309271166,-0.009592252977361215,2022-07-11 12:14:17.579000+00:00,-0.012823149794022326,0.00042875081691629013,0.06949263218059798,TURN_TO_SIT
2022-07-11 12:14:17.601000+00:00,-0.025810632873724315,-0.10906803597971992,-0.010598753441962261,2022-07-11 12:14:17.600000+00:00,-0.011388146955306766,-0.004191257968348405,0.06959763597010582,TURN_TO_SIT
2022-07-11 12:14:17.602000+00:00,-0.0164395045494925,-0.10461122054183525,-0.014049066895749918,2022-07-11 12:14:17.602000+00:00,-0.012298148776292317,-0.0028262554503203363,0.06564262756324535,TURN_TO_SIT
2022-07-11 12:14:17.604000+00:00,-0.011041003507969216,-0.1062315259678217,-0.018563068565007446,2022-07-11 12:14:17.604000+00:00,-0.01719815799050628,0.007113763406032536,0.059342611935282674,TURN_TO_SIT
2022-07-11 12:14:17.613000+00:00,-0.006035189232559746,-0.10690253539453165,-0.021799880677019323,2022-07-11 12:14:17.614000+00:00,-0.023743169938247655,0.017473783546159583,0.053252600471134004,TURN_TO_SIT
2022-07-11 12:14:17.627000+00:00,-0.0014563754564261844,-0.1041842178582838,-0.025673382879437545,2022-07-11 12:14:17.628000+00:00,-0.030603184716508247,0.025768799455534896,0.046672589537024356,TURN_TO_SIT
2022-07-11 12:14:17.638000+00:00,0.004403438962818695,-0.09887721402720895,-0.03336701042933421,2022-07-11 12:14:17.638000+00:00,-0.0381281990193727,0.034553814834870966,0.03932257358120239,TURN_TO_SIT
2022-07-11 12:14:17.647000+00:00,-0.0011513753847059993,-0.09521340530962952,-0.04340532664787511,2022-07-11 12:14:17.648000+00:00,-0.04561821092066731,0.04232820716121344,0.030957559699090753,TURN_TO_SIT
2022-07-11 12:14:17.657000+00:00,-0.016744505380960728,-0.09524390463302834,-0.055795953326918224,2022-07-11 12:14:17.658000+00:00,-0.051078223554181235,0.045373211185687046,0.024727547166666808,TURN_TO_SIT
2022-07-11 12:14:17.667000+00:00,-0.03621494705103512,-0.10085971867200427,-0.0680607718164371,2022-07-11 12:14:17.668000+00:00,-0.05657323175886164,0.046108213805829745,0.021192540257030767,TURN_TO_SIT
2022-07-11 12:14:17.677000+00:00,-0.06083988985720623,-0.11779484178521571,-0.0618387700494456,2022-07-11 12:14:17.678000+00:00,-0.062488244875968046,0.04050820181164161,0.02168254143459225,TURN_TO_SIT
2022-07-11 12:14:17.686000+00:00,-0.07432852256852684,-0.12963648064307987,-0.039040012219178855,2022-07-11 12:14:17.685000+00:00,-0.06598825279923581,0.034938817345727236,0.02525254903819718,TURN_TO_SIT
2022-07-11 12:14:17.696000+00:00,-0.08195733449771303,-0.13726528649428205,-0.021281381542767375,2022-07-11 12:14:17.696000+00:00,-0.06504325284568258,0.035218816067075664,0.029382557499700868,TURN_TO_SIT
2022-07-11 12:14:17.706000+00:00,-0.07445051986212214,-0.13030747791382202,-0.014110067062043541,2022-07-11 12:14:17.705000+00:00,-0.05660823416043137,0.03255881113825665,0.037047571163239645,TURN_TO_SIT
2022-07-11 12:14:17.712000+00:00,-0.042318762420360145,-0.11654434521392798,-0.034831011381389554,2022-07-11 12:14:17.711000+00:00,-0.048943217081691026,0.0344488144605648,0.040267576949957196,TURN_TO_SIT
2022-07-11 12:14:17.737000+00:00,-0.027518634490954264,-0.11245735078670993,-0.05313864051545192,2022-07-11 12:14:17.739000+00:00,-0.051498225051405666,0.04243320753551938,0.0355775693381557,TURN_TO_SIT
2022-07-11 12:14:17.740000+00:00,-0.027366131795976134,-0.10815303196581938,-0.05252864189150752,2022-07-11 12:14:17.739000+00:00,-0.05786823523690299,0.04995822183838383,0.030747558950478426,TURN_TO_SIT
2022-07-11 12:14:17.742000+00:00,-0.03438494814020987,-0.1053775327566866,-0.04432032458379187,2022-07-11 12:14:17.741000+00:00,-0.06143824113290708,0.05331822698577593,0.028892554614538435,TURN_TO_SIT
2022-07-11 12:14:17.756000+00:00,-0.03880745031977484,-0.1033302124911808,-0.03900951289578003,2022-07-11 12:14:17.755000+00:00,-0.062173247168251455,0.05300322586285744,0.02903255397521276,TURN_TO_SIT
2022-07-11 12:14:17.766000+00:00,-0.041739263119814574,-0.1057435367934404,-0.03428201140424281,2022-07-11 12:14:17.765000+00:00,-0.062033244392375564,0.05090322179193718,0.02983755798329346,TURN_TO_SIT
2022-07-11 12:14:17.774000+00:00,-0.03868544998718759,-0.10479803345614103,-0.03522751170255023,2022-07-11 12:14:17.773000+00:00,-0.05832323572049558,0.04386821037423516,0.03319756313068534,TURN_TO_SIT
2022-07-11 12:14:17.784000+00:00,-0.03246344822019609,-0.10104271461239722,-0.04676032515755346,2022-07-11 12:14:17.783000+00:00,-0.0563632344254511,0.04166320592900852,0.03400256372356436,TURN_TO_SIT
2022-07-11 12:14:17.794000+00:00,-0.03444594678700752,-0.1036962165279347,-0.04786213904676795,2022-07-11 12:14:17.793000+00:00,-0.057413234753310394,0.040403201437335445,0.03288256200776707,TURN_TO_SIT
2022-07-11 12:14:17.802000+00:00,-0.04186126345240182,-0.10912903462651757,-0.04697382649932924,2022-07-11 12:14:17.801000+00:00,-0.057098233630392126,0.037423820512302086,0.033127561742747336,TURN_TO_SIT
2022-07-11 12:14:17.813000+00:00,-0.04585676294841545,-0.11318934670424963,-0.04865513968908919,2022-07-11 12:14:17.813000+00:00,-0.05482323121242938,0.0300738079716818,0.03701257217687148,TURN_TO_SIT
2022-07-11 12:14:17.825000+00:00,-0.04283726307410818,-0.10958653663346796,-0.04660782550156739,2022-07-11 12:14:17.824000+00:00,-0.05475322982449138,0.028638805132966016,0.0390775738462219,TURN_TO_SIT
2022-07-11 12:14:17.833000+00:00,-0.048209076447909505,-0.11401284059198591,-0.04230732365458967,2022-07-11 12:14:17.833000+00:00,-0.05468322843655349,0.02765880277784305,0.04037257732426336,TURN_TO_SIT
2022-07-11 12:14:17.842000+00:00,-0.04414876437017745,-0.11141653250530126,-0.043161325982700616,2022-07-11 12:14:17.841000+00:00,-0.04915321783030324,0.018733786330231927,0.04642758980204409,TURN_TO_SIT
2022-07-11 12:14:17.848000+00:00,-0.03938694962032052,-0.10897653800952345,-0.051827139219382645,2022-07-11 12:14:17.849000+00:00,-0.04785821776746357,0.02055378997220303,0.047617589490577705,TURN_TO_SIT
2022-07-11 12:14:17.857000+00:00,-0.0495510770673776,-0.11748984855122746,-0.05222364257953527,2022-07-11 12:14:17.857000+00:00,-0.048488216598098544,0.017473783546159583,0.048422593498658184,TURN_TO_SIT
2022-07-11 12:14:17.868000+00:00,-0.031514133986967785,-0.10445872392484112,-0.04880763934507537,2022-07-11 12:14:17.869000+00:00,-0.04642321492874801,0.01138377208201069,0.05248259886462314,TURN_TO_SIT
2022-07-11 12:14:17.883000+00:00,-0.0401837611585707,-0.10864103329616848,-0.046943327175930416,2022-07-11 12:14:17.883000+00:00,-0.04845321761173038,0.016878781994291936,0.049787594949435965,TURN_TO_SIT
2022-07-11 12:14:17.891000+00:00,-0.052753575921069884,-0.11565984052342626,-0.04963113931079555,2022-07-11 12:14:17.891000+00:00,-0.047228215521626926,0.01397377647669229,0.05090759666523326,TURN_TO_SIT
2022-07-11 12:14:17.899000+00:00,-0.030019633711513616,-0.09811471878627032,-0.04813663903534127,2022-07-11 12:14:17.899000+00:00,-0.04404320872127743,0.007533764049456382,0.054442603574869075,TURN_TO_SIT
2022-07-11 12:14:17.917000+00:00,-0.039665260504822775,-0.10110371933717888,-0.04813663903534127,2022-07-11 12:14:17.917000+00:00,-0.04526821081138088,0.009598768280208336,0.049892595323741906,TURN_TO_SIT
2022-07-11 12:14:17.918000+00:00,-0.05568538872110951,-0.11028803322760883,-0.055673956033322924,2022-07-11 12:14:17.918000+00:00,-0.04418320808195175,0.004698759065994373,0.05006759708598607,TURN_TO_SIT
2022-07-11 12:14:17.957000+00:00,-0.03175813465214239,-0.09487790059627454,-0.061102957157993076,2022-07-11 12:14:17.957000+00:00,-0.043308209516336404,-0.00030625057588840043,0.054022602077644644,TURN_TO_SIT
2022-07-11 12:14:17.957000+00:00,-0.038563449654600346,-0.0972569025232386,-0.06119445512818955,2022-07-11 12:14:17.958000+00:00,-0.049608218313895835,0.005118759709418219,0.0494725938265177,TURN_TO_SIT
2022-07-11 12:14:17.958000+00:00,-0.04988657570274868,-0.1022322125368873,-0.06302826797393568,2022-07-11 12:14:17.958000+00:00,-0.05086822280556902,0.0005337510311347327,0.050207596446660396,TURN_TO_SIT
2022-07-11 12:14:17.958000+00:00,-0.03575744808307679,-0.09344440200660997,-0.06470576722877486,2022-07-11 12:14:17.958000+00:00,-0.05349322874801987,0.0015487529596136529,0.05031259682096634,TURN_TO_SIT
2022-07-11 12:14:17.962000+00:00,-0.04454526165234618,-0.09826721540326455,-0.06290627068034038,2022-07-11 12:14:17.962000+00:00,-0.058813235190456226,0.0039637577265521085,0.04565758819553323,TURN_TO_SIT
2022-07-11 12:14:17.976000+00:00,-0.05812538929487121,-0.10604853002742876,-0.05863245726083255,2022-07-11 12:14:17.976000+00:00,-0.05860323444184401,-0.0005512510579440688,0.04726758938129105,TURN_TO_SIT
2022-07-11 12:14:17.994000+00:00,-0.04021426048196952,-0.09161440005679267,-0.06494976789394935,2022-07-11 12:14:17.995000+00:00,-0.05804323699914704,-0.001671253147279117,0.048842594995882616,TURN_TO_SIT
2022-07-11 12:14:17.995000+00:00,-0.0504050763564966,-0.09429840129572897,-0.06168626735446758,2022-07-11 12:14:17.996000+00:00,-0.06213824135147994,-9.625018747327907e-05,0.04432758573112361,TURN_TO_SIT
2022-07-11 12:14:18.038000+00:00,-0.0530280759096432,-0.09618940189234382,-0.060767452444638104,2022-07-11 12:14:18.037000+00:00,-0.062068243378743726,-0.0036312571104497593,0.04366258449891891,TURN_TO_SIT
2022-07-11 12:14:18.038000+00:00,-0.06105339119898201,-0.10207971591989318,-0.06046245313266585,2022-07-11 12:14:18.038000+00:00,-0.0595482412258006,-0.009896269056142049,0.046322589427737926,TURN_TO_SIT
2022-07-11 12:14:18.038000+00:00,-0.040458261147144126,-0.08874358590355069,-0.0652547672059216,2022-07-11 12:14:18.038000+00:00,-0.0597232361576413,-0.009126267449631187,0.046637590550656194,TURN_TO_SIT
2022-07-11 12:14:18.039000+00:00,-0.050435578718887375,-0.08959759127065359,-0.06433976927000495,2022-07-11 12:14:18.039000+00:00,-0.06392324429948204,-0.006571262468218153,0.04082757780785573,TURN_TO_SIT
2022-07-11 12:14:18.041000+00:00,-0.05577689276928999,-0.08889608859852871,-0.06766426845628448,2022-07-11 12:14:18.040000+00:00,-0.06441325059984604,-0.008811267180513394,0.0390775738462219,TURN_TO_SIT
2022-07-11 12:14:18.051000+00:00,-0.05870489467340079,-0.08813358727960618,-0.06687126781396313,2022-07-11 12:14:18.051000+00:00,-0.06563824927474782,-0.010036269270616738,0.03858757437626115,TURN_TO_SIT
2022-07-11 12:14:18.069000+00:00,-0.06062639459341446,-0.08624258668299134,-0.06302826797393568,2022-07-11 12:14:18.068000+00:00,-0.06647825226919657,-0.01028126985939748,0.0388675730976098,TURN_TO_SIT
2022-07-11 12:14:18.076000+00:00,-0.06624220863239039,-0.08740158528408248,-0.06473626655217368,2022-07-11 12:14:18.076000+00:00,-0.06301324333229696,-0.015286278594117242,0.043872585247531015,TURN_TO_SIT
2022-07-11 12:14:18.086000+00:00,-0.05369907925836925,-0.07607845923593426,-0.06385176793965586,2022-07-11 12:14:18.086000+00:00,-0.06420324985123382,-0.010561270288346858,0.04296258086514437,TURN_TO_SIT
2022-07-11 12:14:18.098000+00:00,-0.06630320727918804,-0.08044377062563846,-0.06937608400843531,2022-07-11 12:14:18.098000+00:00,-0.06525324676389155,-0.010561270288346858,0.03858757437626115,TURN_TO_SIT
2022-07-11 12:14:18.106000+00:00,-0.07185802267136632,-0.084748089446529,-0.07385958179580598,2022-07-11 12:14:18.107000+00:00,-0.06462325134845825,-0.012101273501368581,0.038552575389892985,TURN_TO_SIT
2022-07-11 12:14:18.117000+00:00,-0.07274252128388414,-0.08511408740529891,-0.07608989800170474,2022-07-11 12:14:18.116000+00:00,-0.06462325134845825,-0.011891272752756366,0.0390775738462219,TURN_TO_SIT
2022-07-11 12:14:18.125000+00:00,-0.0721935213067374,-0.08374158746243199,-0.07663889797885148,2022-07-11 12:14:18.125000+00:00,-0.06451824755895053,-0.010351269539734642,0.0397425750784266,TURN_TO_SIT
2022-07-11 12:14:18.137000+00:00,-0.06978402005637452,-0.08013877131366631,-0.07630339934348052,2022-07-11 12:14:18.137000+00:00,-0.06402824808898977,-0.009021267075325134,0.0404775776985693,TURN_TO_SIT
2022-07-11 12:14:18.147000+00:00,-0.06957051871459874,-0.07617377418004345,-0.07862139654566291,2022-07-11 12:14:18.146000+00:00,-0.06360824659176534,-0.007761265145053153,0.04107257754283622,TURN_TO_SIT
2022-07-11 12:14:18.160000+00:00,-0.07094301865746577,-0.07196095940733338,-0.07798089859831969,2022-07-11 12:14:18.161000+00:00,-0.06290824637319248,-0.006816263056998895,0.04187758155091692,TURN_TO_SIT
2022-07-11 12:14:18.162000+00:00,-0.06932651804942425,-0.06939895546199237,-0.07990239851833336,2022-07-11 12:14:18.162000+00:00,-0.06168324086788746,-0.005521260432757913,0.042752580116532046,TURN_TO_SIT
2022-07-11 12:14:18.170000+00:00,-0.07045502340510057,-0.0687241472953215,-0.08164089641997019,2022-07-11 12:14:18.169000+00:00,-0.060528240165722,-0.004016257486805008,0.04282258150447005,TURN_TO_SIT
2022-07-11 12:14:18.179000+00:00,-0.07329152126103089,-0.0683581432585676,-0.08560971052750577,2022-07-11 12:14:18.179000+00:00,-0.059303241490820224,-0.0025462548079208114,0.042682582143795944,TURN_TO_SIT
2022-07-11 12:14:18.194000+00:00,-0.07527401982784232,-0.06683314669870655,-0.08609771185785486,2022-07-11 12:14:18.193000+00:00,-0.05842823951000331,-0.0015662529864231,0.043067581239450536,TURN_TO_SIT
2022-07-11 12:14:18.202000+00:00,-0.0726815226370865,-0.06732114195107175,-0.08396271059606542,2022-07-11 12:14:18.201000+00:00,-0.05650323378612532,-0.0015312529328044278,0.04369758348528707,TURN_TO_SIT
2022-07-11 12:14:18.216000+00:00,-0.07164452132959054,-0.0682361459649723,-0.0850302112269602,2022-07-11 12:14:18.215000+00:00,-0.05398322821798052,-0.002686255235845647,0.044152583968879666,TURN_TO_SIT
2022-07-11 12:14:18.224000+00:00,-0.0713395220176184,-0.06649764198535157,-0.08692121182357504,2022-07-11 12:14:18.224000+00:00,-0.052093224895672474,-0.004926259307790559,0.04492258557539053,TURN_TO_SIT
2022-07-11 12:14:18.231000+00:00,-0.06868602010208091,-0.065064143395687,-0.08200690045672399,2022-07-11 12:14:18.232000+00:00,-0.05055322168265075,-0.006571262468218153,0.04572758616826955,TURN_TO_SIT
2022-07-11 12:14:18.243000+00:00,-0.07042451800371774,-0.06375264209961762,-0.08506071055035902,2022-07-11 12:14:18.243000+00:00,-0.048593216972404596,-0.00674626294976155,0.04656758916271819,TURN_TO_SIT
2022-07-11 12:14:18.252000+00:00,-0.07188852199476514,-0.06497264542549053,-0.08643321049322594,2022-07-11 12:14:18.252000+00:00,-0.04810321750244395,-0.004821259360384689,0.04793259061349597,TURN_TO_SIT
2022-07-11 12:14:18.261000+00:00,-0.07320002329083442,-0.06369164345281997,-0.08759221517230109,2022-07-11 12:14:18.261000+00:00,-0.04827821584948633,-0.000236250441969732,0.049192595105169046,TURN_TO_SIT
2022-07-11 12:14:18.269000+00:00,-0.0777788360223145,-0.05892982870296304,-0.08899521443856695,2022-07-11 12:14:18.269000+00:00,-0.04887321910895481,0.004908759387706185,0.05069759591662093,TURN_TO_SIT
2022-07-11 12:14:18.288000+00:00,-0.07457252323370145,-0.06103433064135377,-0.09238452924555685,2022-07-11 12:14:18.289000+00:00,-0.04918822023187308,0.011243771867536001,0.054337603200563134,TURN_TO_SIT
2022-07-11 12:14:18.291000+00:00,-0.07521302118104467,-0.048159513527890385,-0.09101202930268992,2022-07-11 12:14:18.290000+00:00,-0.05205822590930431,0.016388780816730453,0.05384760373060238,TURN_TO_SIT
2022-07-11 12:14:18.307000+00:00,-0.07793133263930863,-0.04605120069357094,-0.08963571238591017,2022-07-11 12:14:18.306000+00:00,-0.05370322608143041,0.018908786384875143,0.05353260260768411,TURN_TO_SIT
2022-07-11 12:14:18.309000+00:00,-0.08443165136878628,-0.04123219819284518,-0.09339102515166997,2022-07-11 12:14:18.309000+00:00,-0.053563226720756196,0.021463790939387994,0.053742603356296215,TURN_TO_SIT
2022-07-11 12:14:18.325000+00:00,-0.07869383395823115,-0.047179699971263256,-0.102910843755455,2022-07-11 12:14:18.324000+00:00,-0.05331822698577582,0.02401879549390107,0.05507260582070583,TURN_TO_SIT
2022-07-11 12:14:18.329000+00:00,-0.08254065077217143,-0.04107969853685911,-0.10156884313598691,2022-07-11 12:14:18.328000+00:00,-0.054613230463817164,0.023318795275327986,0.05430260421419497,TURN_TO_SIT
2022-07-11 12:14:18.345000+00:00,-0.08464515271056205,-0.04053069855971225,-0.1027888464618597,2022-07-11 12:14:18.346000+00:00,-0.05433322832726706,0.0244387969911255,0.05370760436992805,TURN_TO_SIT
2022-07-11 12:14:18.349000+00:00,-0.08479764932755618,-0.03945938703288865,-0.10541565387194318,2022-07-11 12:14:18.348000+00:00,-0.05191822313342842,0.026433800687739595,0.05430260421419497,TURN_TO_SIT
2022-07-11 12:14:18.365000+00:00,-0.08201833922249457,-0.04050019923631343,-0.10758115445713146,2022-07-11 12:14:18.363000+00:00,-0.04946821895322162,0.025313798971942303,0.05412760245195081,TURN_TO_SIT
2022-07-11 12:14:18.367000+00:00,-0.08388265139163953,-0.03668388478476403,-0.10138584111760995,2022-07-11 12:14:18.368000+00:00,-0.04736821488230125,0.023493795329971423,0.05251760126619276,TURN_TO_SIT
2022-07-11 12:14:18.383000+00:00,-0.07289502397886227,-0.046600200670717684,-0.10834366185403799,2022-07-11 12:14:18.382000+00:00,-0.04390320936060321,0.024718797420074656,0.05188759902035622,TURN_TO_SIT
2022-07-11 12:14:18.390000+00:00,-0.08434014732060591,-0.0393373867003014,-0.10453116133740936,2022-07-11 12:14:18.389000+00:00,-0.04176820630331468,0.022583792655185286,0.04964759558876164,TURN_TO_SIT
2022-07-11 12:14:18.405000+00:00,-0.07805333601088782,-0.04690519998268994,-0.11716197778569803,2022-07-11 12:14:18.406000+00:00,-0.03774319650851643,0.023913795119594905,0.04933259446584337,TURN_TO_SIT
2022-07-11 12:14:18.406000+00:00,-0.0833641507378916,-0.04214719916775378,-0.11453897519355949,2022-07-11 12:14:18.407000+00:00,-0.0348731908310852,0.02058878895857119,0.04747759012990338,TURN_TO_SIT
2022-07-11 12:14:18.452000+00:00,-0.08189633585091527,-0.03939838534709905,-0.11286147593872031,2022-07-11 12:14:18.452000+00:00,-0.030533183328570246,0.021463790939387994,0.04628758702616809,TURN_TO_SIT
2022-07-11 12:14:18.452000+00:00,-0.08110333520859403,-0.03753788711287498,-0.11438646642059747,2022-07-11 12:14:18.453000+00:00,-0.026578176629310724,0.01988878873999833,0.04460758445247204,TURN_TO_SIT
2022-07-11 12:14:18.453000+00:00,-0.07933433798355838,-0.03268457135382963,-0.11337997659246823,2022-07-11 12:14:18.453000+00:00,-0.023498170203267388,0.014393777120116136,0.04289258289240805,TURN_TO_SIT
2022-07-11 12:14:18.453000+00:00,-0.0765588326964417,-0.0302140714566691,-0.11243447325516887,2022-07-11 12:14:18.453000+00:00,-0.020908164954785424,0.00994876924329513,0.04187758155091692,TURN_TO_SIT
2022-07-11 12:14:18.454000+00:00,-0.07310851924265405,-0.027377570561746722,-0.10983815301251632,2022-07-11 12:14:18.454000+00:00,-0.01891316125817122,0.006938763351389321,0.041352579679386325,TURN_TO_SIT
2022-07-11 12:14:18.461000+00:00,-0.0684115201135076,-0.029726070126320003,-0.10870965373482389,2022-07-11 12:14:18.461000+00:00,-0.017793159542373926,0.0044887587442823396,0.040197575562019194,TURN_TO_SIT
2022-07-11 12:14:18.516000+00:00,-0.06624220863239039,-0.026767568898810268,-0.10675766056939529,2022-07-11 12:14:18.516000+00:00,-0.01761815948773071,-0.0005162510043253965,0.03862257336262931,TURN_TO_SIT
2022-07-11 12:14:18.516000+00:00,-0.06547970731346786,-0.026981070240586047,-0.1038868464161532,2022-07-11 12:14:18.517000+00:00,-0.017408158739118496,-0.0046812591459099995,0.037712572395444344,TURN_TO_SIT
2022-07-11 12:14:18.517000+00:00,-0.06462570802434886,-0.025574257039399417,-0.10111134112903652,2022-07-11 12:14:18.517000+00:00,-0.01719815799050628,-0.008041265574002532,0.037047571163239645,TURN_TO_SIT
2022-07-11 12:14:18.517000+00:00,-0.06486970868952346,-0.019870755926155947,-0.09760383992438015,2022-07-11 12:14:18.517000+00:00,-0.016428156383995418,-0.010526270448178332,0.03648757030534089,TURN_TO_SIT
2022-07-11 12:14:18.517000+00:00,-0.060748391887009756,-0.026062258369748514,-0.1027888464618597,2022-07-11 12:14:18.517000+00:00,-0.014958152851310857,-0.010876270557464762,0.03592756944744213,TURN_TO_SIT
2022-07-11 12:14:18.519000+00:00,-0.06490020801292229,-0.02295125748625282,-0.09848833853689798,2022-07-11 12:14:18.520000+00:00,-0.014853154184605533,-0.01364127586058983,0.034562564581462896,TURN_TO_SIT
2022-07-11 12:14:18.531000+00:00,-0.06429020938897789,-0.022707256821078214,-0.09989134388114773,2022-07-11 12:14:18.531000+00:00,-0.014398151993412212,-0.015286278594117242,0.033582565641541606,TURN_TO_SIT
2022-07-11 12:14:18.547000+00:00,-0.06541870866667021,-0.021090756213036688,-0.09818333922492573,2022-07-11 12:14:18.546000+00:00,-0.014013152043957144,-0.015916280839953778,0.03197256104058188,TURN_TO_SIT
2022-07-11 12:14:18.552000+00:00,-0.06819420787580299,-0.018986255794142037,-0.09564802978503872,2022-07-11 12:14:18.552000+00:00,-0.013348150811752446,-0.015356279982055132,0.02983755798329346,TURN_TO_SIT
2022-07-11 12:14:18.561000+00:00,-0.06850301808370407,-0.020877256390756993,-0.09717302634489977,2022-07-11 12:14:18.560000+00:00,-0.012263148082323316,-0.013431275965778089,0.027492552469791764,TURN_TO_SIT
2022-07-11 12:14:18.574000+00:00,-0.07707733335018963,-0.017396442094074538,-0.0959835284204098,2022-07-11 12:14:18.574000+00:00,-0.012648148885578747,-0.01311627484285971,0.02451754641805448,TURN_TO_SIT
2022-07-11 12:14:18.585000+00:00,-0.07988333796070513,-0.015596942506648115,-0.0940315291769972,2022-07-11 12:14:18.584000+00:00,-0.012718149419716274,-0.01364127586058983,0.022557543415409276,TURN_TO_SIT
2022-07-11 12:14:18.594000+00:00,-0.08357765207966728,-0.015962941984913992,-0.09265902923413027,2022-07-11 12:14:18.594000+00:00,-0.012193148401986154,-0.013466275805946615,0.020737539773438174,TURN_TO_SIT
2022-07-11 12:14:18.603000+00:00,-0.0849501520225342,-0.016816942793528966,-0.09348252919985045,2022-07-11 12:14:18.602000+00:00,-0.01184314743889936,-0.01224127371584316,0.019057537199742347,TURN_TO_SIT
2022-07-11 12:14:18.613000+00:00,-0.08479764932755618,-0.01745744226036816,-0.09397053053019955,2022-07-11 12:14:18.612000+00:00,-0.011528147169781455,-0.00975626884166747,0.01741253361241446,TURN_TO_SIT
2022-07-11 12:14:18.626000+00:00,-0.0864141499355977,-0.01834194239238196,-0.09656302772095537,2022-07-11 12:14:18.626000+00:00,-0.011668147384256033,-0.006256261772200067,0.015732529331117684,TURN_TO_SIT
2022-07-11 12:14:18.632000+00:00,-0.08461464730917923,-0.017670942082647967,-0.09790883923635241,2022-07-11 12:14:18.632000+00:00,-0.012018148347342938,-0.004576258771603836,0.014507527241014229,TURN_TO_SIT
2022-07-11 12:14:18.643000+00:00,-0.08421815002701061,-0.01834194239238196,-0.09873233920207258,2022-07-11 12:14:18.642000+00:00,-0.01222814824215479,-0.00342125657528769,0.013177525630405196,TURN_TO_SIT
2022-07-11 12:14:18.657000+00:00,-0.08501115066933196,-0.01882994372273117,-0.09806134193133043,2022-07-11 12:14:18.657000+00:00,-0.01240314915059837,-0.00342125657528769,0.011987522526669903,TURN_TO_SIT
2022-07-11 12:14:18.660000+00:00,-0.08394365003843718,-0.018738442713542636,-0.09735602836327673,2022-07-11 12:14:18.661000+00:00,-0.01240314915059837,-0.003981257646636482,0.011077521559484937,TURN_TO_SIT
2022-07-11 12:14:18.668000+00:00,-0.08140833452056617,-0.019352255272407914,-0.0959835284204098,2022-07-11 12:14:18.667000+00:00,-0.012368148456629369,-0.003876257272330319,0.009852518615581118,TURN_TO_SIT
2022-07-11 12:14:18.678000+00:00,-0.0791208366417826,-0.018433443401570493,-0.09494652711291385,2022-07-11 12:14:18.678000+00:00,-0.012193148401986154,-0.0026512549687768283,0.00838251593669681,TURN_TO_SIT
2022-07-11 12:14:18.692000+00:00,-0.0779008333159098,-0.01684744211692779,-0.09583102572543167,2022-07-11 12:14:18.691000+00:00,-0.01135314711513824,-0.0019162536293347854,0.006597512561794749,TURN_TO_SIT
2022-07-11 12:14:18.700000+00:00,-0.0792428339353779,-0.017548943269556694,-0.09689852635632645,2022-07-11 12:14:18.699000+00:00,-0.010688145029133067,-0.0016012530400417724,0.004637508705348958,TURN_TO_SIT
2022-07-11 12:14:18.712000+00:00,-0.0792428339353779,-0.018036943080409817,-0.09894584054384825,2022-07-11 12:14:18.711000+00:00,-0.01044314529415269,-0.0015662529864231,0.003097505919227528,TURN_TO_SIT
2022-07-11 12:14:18.721000+00:00,-0.08085933454341943,-0.019016755117540862,-0.09848833853689798,2022-07-11 12:14:18.720000+00:00,-0.01096814631188281,-0.002266254378971544,0.0016275031336183687,TURN_TO_SIT
2022-07-11 12:14:18.731000+00:00,-0.0789988332702033,-0.019962255415848396,-0.09769534397256052,2022-07-11 12:14:18.730000+00:00,-0.011283146581000714,-0.0023362544862088885,0.0008575016338323582,TURN_TO_SIT
2022-07-11 12:14:18.739000+00:00,-0.07857183666463585,-0.020511255392995142,-0.09680702838612998,2022-07-11 12:14:18.740000+00:00,-0.011108146526357388,-0.00251125475430225,-0.0001618753146894747,TURN_TO_SIT
2022-07-11 12:14:18.750000+00:00,-0.0787548326050288,-0.02212775600103667,-0.09485502914271737,2022-07-11 12:14:18.750000+00:00,-0.010933145617913809,-0.002371254539827561,-0.0011068770959092866,TURN_TO_SIT
2022-07-11 12:14:18.758000+00:00,-0.07942583595375485,-0.023042756975945267,-0.09363502581684457,2022-07-11 12:14:18.759000+00:00,-0.010933145617913809,-0.00016625032139183649,-0.0014218776852022996,TURN_TO_SIT
2022-07-11 12:14:18.779000+00:00,-0.07432852256852684,-0.021029756046743064,-0.094763525094537,2022-07-11 12:14:18.778000+00:00,-0.010548144814658378,0.0006387512453531752,-0.001456877738820972,TURN_TO_SIT
2022-07-11 12:14:18.780000+00:00,-0.07759583400393755,-0.02127375671191767,-0.09421452511739015,2022-07-11 12:14:18.780000+00:00,-0.010688145029133067,0.002388754673361859,-0.0023318793994627773,TURN_TO_SIT
2022-07-11 12:14:18.785000+00:00,-0.07454202391030262,-0.019901255249554772,-0.0967155304159335,2022-07-11 12:14:18.786000+00:00,-0.011003146152051335,0.003508756816059444,-0.0029618805780488033,TURN_TO_SIT
2022-07-11 12:14:18.794000+00:00,-0.07283401925408062,-0.02017575523812809,-0.09958634456917548,2022-07-11 12:14:18.796000+00:00,-0.01187814813286825,0.004733758906162899,-0.003731882184559665,TURN_TO_SIT
2022-07-11 12:14:18.809000+00:00,-0.08101183723839744,-0.02078575538156857,-0.09092052525450955,2022-07-11 12:14:18.810000+00:00,-0.012193148401986154,0.003823757512077419,-0.0047468839529510864,TURN_TO_SIT
2022-07-11 12:14:18.814000+00:00,-0.0752435205044435,-0.01929125510611429,-0.09275052720432675,2022-07-11 12:14:18.815000+00:00,-0.01135314711513824,0.0044887587442823396,-0.004991884541731828,TURN_TO_SIT
2022-07-11 12:14:18.824000+00:00,-0.07649783404964405,-0.019016755117540862,-0.09357402717004693,2022-07-11 12:14:18.825000+00:00,-0.010373144760015163,0.004838759280468841,-0.00576188614824269,TURN_TO_SIT
2022-07-11 12:14:18.839000+00:00,-0.08018833727267727,-0.018433443401570493,-0.08862921647979705,2022-07-11 12:14:18.839000+00:00,-0.009323142724554923,0.004558758851519684,-0.006461887220616025,TURN_TO_SIT
2022-07-11 12:14:18.846000+00:00,-0.07140052066441605,-0.015535942340354492,-0.09790883923635241,2022-07-11 12:14:18.847000+00:00,-0.008098140634451578,0.006833762977083158,-0.0065318873278533696,TURN_TO_SIT
2022-07-11 12:14:18.857000+00:00,-0.080584834554846,-0.01642044247236829,-0.09055452729573965,2022-07-11 12:14:18.858000+00:00,-0.0069781384917541045,0.00434875852980765,-0.008001890006737455,TURN_TO_SIT
2022-07-11 12:14:18.868000+00:00,-0.06938752277420579,-0.013644941743739536,-0.09876283852547141,2022-07-11 12:14:18.867000+00:00,-0.0057181361345819415,0.0066587629224399425,-0.00782688995209424,TURN_TO_SIT
2022-07-11 12:14:18.877000+00:00,-0.08043233793785187,-0.015932442661515167,-0.08957471373911252,2022-07-11 12:14:18.876000+00:00,-0.004003132866917003,0.003508756816059444,-0.009366893165115964,TURN_TO_SIT
2022-07-11 12:14:18.893000+00:00,-0.07185802267136632,-0.01431594205347364,-0.09665452569115185,2022-07-11 12:14:18.893000+00:00,-0.002393129546657935,0.006623762655371124,-0.008666891238942265,TURN_TO_SIT
2022-07-11 12:14:18.894000+00:00,-0.07616233541427297,-0.015474942174060868,-0.0909815239013072,2022-07-11 12:14:18.894000+00:00,-0.00046812590391853703,0.0026687551023112377,-0.009716893274402394,TURN_TO_SIT
2022-07-11 12:14:18.922000+00:00,-0.07597933339589602,-0.015596942506648115,-0.09375702918842377,2022-07-11 12:14:18.922000+00:00,0.001036876988671942,0.004208757888432668,-0.009226892950641274,TURN_TO_SIT
2022-07-11 12:14:18.922000+00:00,-0.07091251933406695,-0.014529441875753335,-0.0937875285118227,2022-07-11 12:14:18.922000+00:00,0.0023668794530813386,0.0015837530132323252,-0.009366893165115964,TURN_TO_SIT
2022-07-11 12:14:18.923000+00:00,-0.078022836687489,-0.01581044232892781,-0.09153052387845395,2022-07-11 12:14:18.922000+00:00,0.0036268818102536127,0.0006737512989718475,-0.009821893648708557,TURN_TO_SIT
2022-07-11 12:14:18.931000+00:00,-0.07173601929978712,-0.015657942672941738,-0.09702052972790565,2022-07-11 12:14:18.931000+00:00,0.004991884541731828,0.0016537531204696698,-0.009121892576335222,TURN_TO_SIT
2022-07-11 12:14:18.948000+00:00,-0.08116433385539168,-0.018036943080409817,-0.09018471236305692,2022-07-11 12:14:18.947000+00:00,0.00576188614824269,-0.0012862524507486484,-0.00992689402301461,TURN_TO_SIT
